# 2D example: identity lattice, 10x10 uniform fractional grid (step 0.1), unweighted
geometry:
1
dimension:
2
lattice:
# matrix U printed row by row; the lattice vectors are its COLUMNS
1 0
0 1
coordinates:
fractional
points:
100
0.0 0.0
0.0 0.1
0.0 0.2
0.0 0.3
0.0 0.4
0.0 0.5
0.0 0.6
0.0 0.7
0.0 0.8
0.0 0.9
0.1 0.0
0.1 0.1
0.1 0.2
0.1 0.3
0.1 0.4
0.1 0.5
0.1 0.6
0.1 0.7
0.1 0.8
0.1 0.9
0.2 0.0
0.2 0.1
0.2 0.2
0.2 0.3
0.2 0.4
0.2 0.5
0.2 0.6
0.2 0.7
0.2 0.8
0.2 0.9
0.3 0.0
0.3 0.1
0.3 0.2
0.3 0.3
0.3 0.4
0.3 0.5
0.3 0.6
0.3 0.7
0.3 0.8
0.3 0.9
0.4 0.0
0.4 0.1
0.4 0.2
0.4 0.3
0.4 0.4
0.4 0.5
0.4 0.6
0.4 0.7
0.4 0.8
0.4 0.9
0.5 0.0
0.5 0.1
0.5 0.2
0.5 0.3
0.5 0.4
0.5 0.5
0.5 0.6
0.5 0.7
0.5 0.8
0.5 0.9
0.6 0.0
0.6 0.1
0.6 0.2
0.6 0.3
0.6 0.4
0.6 0.5
0.6 0.6
0.6 0.7
0.6 0.8
0.6 0.9
0.7 0.0
0.7 0.1
0.7 0.2
0.7 0.3
0.7 0.4
0.7 0.5
0.7 0.6
0.7 0.7
0.7 0.8
0.7 0.9
0.8 0.0
0.8 0.1
0.8 0.2
0.8 0.3
0.8 0.4
0.8 0.5
0.8 0.6
0.8 0.7
0.8 0.8
0.8 0.9
0.9 0.0
0.9 0.1
0.9 0.2
0.9 0.3
0.9 0.4
0.9 0.5
0.9 0.6
0.9 0.7
0.9 0.8
0.9 0.9
