# 100x100 smooth periodic field on the identity lattice, sampled at (i/100, j/100):
#   f(x, y) = cos(2 pi x) + cos(2 pi y) + 0.7 cos(2 pi (x+y)) + 0.4 cos(2 pi (2x-y))
grid:
1
dimension:
2
lattice:
1 0
0 1
shape:
100 100
values:
3.100000 3.095856 3.083441 3.062803 3.034025 2.997219 2.952531 2.900137 2.840244 2.773089 2.698936 2.618078 2.530834 2.437549 2.338590 2.234349 2.125236 2.011683 1.894137 1.773062 1.648936 1.522249 1.393501 1.263200 1.131860 1.000000 0.868140 0.736800 0.606499 0.477751 0.351064 0.226938 0.105863 -0.011683 -0.125236 -0.234349 -0.338590 -0.437549 -0.530834 -0.618078 -0.698936 -0.773089 -0.840244 -0.900137 -0.952531 -0.997219 -1.034025 -1.062803 -1.083441 -1.095856 -1.100000 -1.095856 -1.083441 -1.062803 -1.034025 -0.997219 -0.952531 -0.900137 -0.840244 -0.773089 -0.698936 -0.618078 -0.530834 -0.437549 -0.338590 -0.234349 -0.125236 -0.011683 0.105863 0.226938 0.351064 0.477751 0.606499 0.736800 0.868140 1.000000 1.131860 1.263200 1.393501 1.522249 1.648936 1.773062 1.894137 2.011683 2.125236 2.234349 2.338590 2.437549 2.530834 2.618078 2.698936 2.773089 2.840244 2.900137 2.952531 2.997219 3.034025 3.062803 3.083441 3.095856
3.093491 3.089744 3.077743 3.057533 3.029195 2.992842 2.948615 2.896691 2.837274 2.770597 2.696926 2.616549 2.529785 2.436976 2.338488 2.234710 2.126051 2.012940 1.895824 1.775165 1.651438 1.525133 1.396748 1.266789 1.135770 1.004207 0.872619 0.741527 0.611446 0.482892 0.356370 0.232381 0.111413 -0.006056 -0.119561 -0.228657 -0.332911 -0.431913 -0.525271 -0.612617 -0.693607 -0.767921 -0.835266 -0.895375 -0.948012 -0.992969 -1.030068 -1.059163 -1.080140 -1.092915 -1.097438 -1.093691 -1.081689 -1.061479 -1.033142 -0.996788 -0.952562 -0.900638 -0.841220 -0.774544 -0.700872 -0.620496 -0.533732 -0.440922 -0.342434 -0.238656 -0.129997 -0.016887 0.100230 0.220889 0.344615 0.470920 0.599305 0.729264 0.860284 0.991847 1.123434 1.254527 1.384607 1.513162 1.639683 1.763673 1.884640 2.002109 2.115615 2.224710 2.328964 2.427966 2.521324 2.608671 2.689661 2.763975 2.831319 2.891428 2.944065 2.989022 3.026122 3.055217 3.076193 3.088968
3.074028 3.070657 3.059083 3.039352 3.011541 2.975761 2.932152 2.880886 2.822167 2.756225 2.683320 2.603742 2.517803 2.425843 2.328224 2.225333 2.117574 2.005374 1.889175 1.769436 1.646629 1.521239 1.393761 1.264698 1.134559 1.003857 0.873110 0.742832 0.613538 0.485738 0.359936 0.236629 0.116304 -0.000565 -0.113516 -0.222103 -0.325899 -0.424493 -0.517497 -0.604542 -0.685287 -0.759411 -0.826623 -0.886657 -0.939277 -0.984274 -1.021471 -1.050722 -1.071911 -1.084953 -1.089799 -1.086428 -1.074854 -1.055123 -1.027312 -0.991531 -0.947922 -0.896657 -0.837937 -0.771995 -0.699091 -0.619512 -0.533573 -0.441613 -0.343995 -0.241103 -0.133345 -0.021145 0.095054 0.214793 0.337600 0.462990 0.590468 0.719532 0.849671 0.980372 1.111120 1.241398 1.370692 1.498492 1.624293 1.747600 1.867925 1.984794 2.097745 2.206333 2.310128 2.408723 2.501726 2.588772 2.669516 2.743640 2.810852 2.870887 2.923506 2.968503 3.005701 3.034951 3.056140 3.069183
3.041799 3.038745 3.027575 3.008333 2.981095 2.945969 2.903093 2.852637 2.794799 2.729808 2.657920 2.579420 2.494616 2.403844 2.307461 2.205849 2.099408 1.988558 1.873737 1.755398 1.634007 1.510045 1.383999 1.256369 1.127656 0.998370 0.869021 0.740118 0.612171 0.485685 0.361159 0.239084 0.119942 0.004203 -0.107675 -0.215252 -0.318103 -0.415822 -0.508023 -0.594342 -0.674439 -0.747998 -0.814729 -0.874367 -0.926678 -0.971455 -1.008521 -1.037731 -1.058969 -1.072151 -1.077224 -1.074170 -1.063000 -1.043758 -1.016521 -0.981395 -0.938519 -0.888062 -0.830225 -0.765234 -0.693346 -0.614845 -0.530042 -0.439269 -0.342887 -0.241275 -0.134834 -0.023984 0.090838 0.209177 0.330567 0.454530 0.580575 0.708206 0.836918 0.966204 1.095554 1.224456 1.352403 1.478889 1.603416 1.725491 1.844632 1.960371 2.072250 2.179826 2.282677 2.380396 2.472597 2.558917 2.639014 2.712573 2.779303 2.838941 2.891252 2.936029 2.973096 3.002306 3.023543 3.036725
2.997114 2.994280 2.983452 2.964672 2.938014 2.903584 2.861517 2.811980 2.755168 2.691305 2.620643 2.543461 2.460064 2.370780 2.275963 2.175986 2.071245 1.962151 1.849136 1.732646 1.613141 1.491092 1.366981 1.241297 1.114537 0.987202 0.859792 0.732813 0.606763 0.482142 0.359440 0.239142 0.121723 0.007647 -0.102638 -0.208695 -0.310105 -0.406469 -0.497407 -0.582559 -0.661589 -0.734186 -0.800062 -0.858959 -0.910643 -0.954911 -0.991587 -1.020528 -1.041619 -1.054776 -1.059948 -1.057114 -1.046286 -1.027506 -1.000848 -0.966418 -0.924351 -0.874814 -0.818002 -0.754138 -0.683477 -0.606295 -0.522897 -0.433614 -0.338797 -0.238820 -0.134078 -0.024985 0.088030 0.204520 0.324025 0.446074 0.570186 0.695869 0.822629 0.949965 1.077374 1.204354 1.330403 1.455025 1.577726 1.698024 1.815443 1.929520 2.039804 2.145861 2.247272 2.343636 2.434573 2.519725 2.598755 2.671352 2.737229 2.796125 2.847810 2.892077 2.928754 2.957694 2.978785 2.991942
2.940403 2.937658 2.927073 2.908689 2.882580 2.848848 2.807626 2.759077 2.703392 2.640792 2.571523 2.495859 2.414099 2.326564 2.233601 2.135576 2.032877 1.925908 1.815092 1.700866 1.583680 1.463998 1.342292 1.219042 1.094734 0.969859 0.844910 0.720379 0.596759 0.474538 0.354197 0.236211 0.121047 0.009158 -0.099013 -0.203041 -0.302513 -0.397039 -0.486244 -0.569776 -0.647307 -0.718529 -0.783163 -0.840952 -0.891669 -0.935114 -0.971115 -0.999530 -1.020247 -1.033184 -1.038290 -1.035545 -1.024960 -1.006576 -0.980467 -0.946735 -0.905513 -0.856963 -0.801279 -0.738679 -0.669410 -0.593746 -0.511986 -0.424451 -0.331488 -0.233463 -0.130764 -0.023795 0.087021 0.201247 0.318433 0.438115 0.559821 0.683071 0.807379 0.932254 1.057204 1.181734 1.305354 1.427575 1.547916 1.665902 1.781066 1.892955 2.001126 2.105154 2.204626 2.299152 2.388357 2.471889 2.549420 2.620642 2.685276 2.743065 2.793782 2.837227 2.873228 2.901643 2.922360 2.935297
2.872207 2.869387 2.858913 2.840824 2.815194 2.782123 2.741742 2.694209 2.639713 2.578469 2.510718 2.436728 2.356791 2.271221 2.180358 2.084560 1.984203 1.879686 1.771420 1.659832 1.545363 1.428464 1.309598 1.189232 1.067843 0.945908 0.823910 0.702330 0.581647 0.462338 0.344874 0.229719 0.117326 0.008139 -0.097410 -0.198905 -0.295946 -0.388150 -0.475152 -0.556610 -0.632201 -0.701628 -0.764617 -0.820919 -0.870312 -0.912600 -0.947618 -0.975226 -0.995316 -1.007809 -1.012655 -1.009834 -0.999360 -0.981271 -0.955641 -0.922570 -0.882189 -0.834656 -0.780160 -0.718916 -0.651165 -0.577175 -0.497238 -0.411668 -0.320805 -0.225007 -0.124650 -0.020133 0.088133 0.199721 0.314190 0.431089 0.549955 0.670321 0.791710 0.913645 1.035643 1.157223 1.277906 1.397215 1.514679 1.629834 1.742227 1.851413 1.956963 2.058458 2.155499 2.247703 2.334705 2.416163 2.491754 2.561181 2.624170 2.680472 2.729865 2.772153 2.807171 2.834779 2.854869 2.867362
2.793176 2.790087 2.779559 2.761631 2.736376 2.703893 2.664309 2.617782 2.564494 2.504656 2.438505 2.366301 2.288329 2.204897 2.116334 2.022990 1.925233 1.823449 1.718040 1.609421 1.498021 1.384281 1.268648 1.151580 1.033537 0.914987 0.796396 0.678234 0.560966 0.445054 0.330958 0.219126 0.110000 0.004011 -0.098422 -0.196897 -0.291023 -0.380430 -0.464765 -0.543694 -0.616907 -0.684114 -0.745051 -0.799476 -0.847175 -0.887960 -0.921669 -0.948170 -0.967358 -0.979157 -0.983521 -0.980433 -0.969905 -0.951977 -0.926722 -0.894239 -0.854655 -0.808128 -0.754840 -0.695002 -0.628851 -0.556647 -0.478675 -0.395243 -0.306680 -0.213336 -0.115579 -0.013795 0.091614 0.200233 0.311633 0.425373 0.541006 0.658075 0.776117 0.894667 1.013258 1.131420 1.248688 1.364600 1.478696 1.590528 1.699654 1.805643 1.908077 2.006551 2.100677 2.190084 2.274419 2.353349 2.426561 2.493769 2.554705 2.609130 2.656829 2.697614 2.731323 2.757824 2.777012 2.788811
2.704052 2.700477 2.689703 2.671772 2.646755 2.614751 2.575887 2.530315 2.478215 2.419793 2.355280 2.284930 2.209020 2.127852 2.041743 1.951036 1.856087 1.757271 1.654978 1.549613 1.441590 1.331336 1.219287 1.105884 0.991574 0.876810 0.762044 0.647729 0.534316 0.422253 0.311981 0.203937 0.098546 -0.003775 -0.102623 -0.197608 -0.288354 -0.374504 -0.455718 -0.531674 -0.602074 -0.666640 -0.725116 -0.777272 -0.822903 -0.861827 -0.893891 -0.918970 -0.936963 -0.947800 -0.951439 -0.947864 -0.937090 -0.919159 -0.894142 -0.862138 -0.823273 -0.777701 -0.725601 -0.667180 -0.602666 -0.532316 -0.456407 -0.375238 -0.289130 -0.198423 -0.103473 -0.004658 0.097635 0.203000 0.311023 0.421277 0.533327 0.646730 0.761039 0.875803 0.990569 1.104884 1.218297 1.330361 1.440632 1.548676 1.654067 1.756388 1.855236 1.950221 2.040967 2.127117 2.208331 2.284288 2.354688 2.419253 2.477730 2.529886 2.575516 2.614440 2.646505 2.671583 2.689577 2.700414
2.605669 2.601368 2.590133 2.572007 2.547064 2.515400 2.477142 2.432439 2.381469 2.324433 2.261555 2.193084 2.119290 2.040465 1.956918 1.868981 1.777001 1.681339 1.582374 1.480496 1.376108 1.269621 1.161455 1.052038 0.941801 0.831180 0.720610 0.610529 0.501370 0.393565 0.287539 0.183710 0.082489 -0.015726 -0.110547 -0.201599 -0.288524 -0.370978 -0.448635 -0.521190 -0.588355 -0.649867 -0.705481 -0.754979 -0.798166 -0.834870 -0.864947 -0.888279 -0.904773 -0.914363 -0.917013 -0.912712 -0.901477 -0.883351 -0.858408 -0.826744 -0.788486 -0.743783 -0.692813 -0.635777 -0.572899 -0.504428 -0.430634 -0.351809 -0.268263 -0.180326 -0.088345 0.007317 0.106282 0.208160 0.312548 0.419035 0.527201 0.636618 0.746854 0.857476 0.968045 1.078127 1.187285 1.295091 1.401117 1.504946 1.606167 1.704382 1.799203 1.890255 1.977180 2.059633 2.137291 2.209846 2.277011 2.338523 2.394137 2.443635 2.486822 2.523526 2.553603 2.576935 2.593428 2.603019
2.498936 2.493653 2.481721 2.463189 2.438128 2.406637 2.368842 2.324890 2.274957 2.219237 2.157953 2.091344 2.019675 1.943228 1.862305 1.777225 1.688324 1.595952 1.500475 1.402269 1.301722 1.199230 1.095199 0.990038 0.884162 0.777990 0.671940 0.566432 0.461880 0.358699 0.257295 0.158068 0.061410 -0.032297 -0.122684 -0.209394 -0.292084 -0.370430 -0.444120 -0.512865 -0.576393 -0.634454 -0.686817 -0.733278 -0.773651 -0.807779 -0.835526 -0.856782 -0.871465 -0.879515 -0.880902 -0.875619 -0.863687 -0.845155 -0.820094 -0.788603 -0.750808 -0.706856 -0.656923 -0.601203 -0.539919 -0.473310 -0.401641 -0.325194 -0.244271 -0.159191 -0.070290 0.022082 0.117559 0.215765 0.316312 0.418804 0.522835 0.627996 0.733872 0.840044 0.946094 1.051602 1.156154 1.259335 1.360739 1.459966 1.556624 1.650331 1.740718 1.827428 1.910118 1.988464 2.062154 2.130899 2.194427 2.252488 2.304851 2.351312 2.391685 2.425813 2.453560 2.474816 2.489499 2.497549
2.384825 2.378294 2.365418 2.346247 2.320858 2.289350 2.251848 2.208500 2.159477 2.104972 2.045201 1.980399 1.910822 1.836745 1.758460 1.676276 1.590517 1.501523 1.409643 1.315241 1.218689 1.120368 1.020667 0.919978 0.818700 0.717231 0.615973 0.515325 0.415683 0.317442 0.220989 0.126705 0.034962 -0.053879 -0.139466 -0.221461 -0.299542 -0.373400 -0.442743 -0.507299 -0.566811 -0.621045 -0.669788 -0.712846 -0.750050 -0.781254 -0.806333 -0.825189 -0.837747 -0.843959 -0.843799 -0.837267 -0.824391 -0.805221 -0.779831 -0.748323 -0.710822 -0.667473 -0.618450 -0.563945 -0.504174 -0.439372 -0.369795 -0.295718 -0.217433 -0.135249 -0.049491 0.039504 0.131384 0.225786 0.322338 0.420658 0.520360 0.621048 0.722327 0.823795 0.925053 1.025702 1.125343 1.223584 1.320037 1.414321 1.506065 1.594905 1.680492 1.762488 1.840569 1.914427 1.983770 2.048325 2.107837 2.162072 2.210814 2.253873 2.291077 2.322280 2.347359 2.366215 2.378774 2.384985
2.264363 2.256312 2.242233 2.222182 2.196237 2.164503 2.127102 2.084184 2.035918 1.982494 1.924122 1.861034 1.793478 1.721721 1.646046 1.566752 1.484151 1.398570 1.310347 1.219829 1.127373 1.033346 0.938117 0.842063 0.745562 0.648996 0.552746 0.457191 0.362709 0.269672 0.178448 0.089396 0.002868 -0.080793 -0.161260 -0.238212 -0.311348 -0.380378 -0.445030 -0.505049 -0.560198 -0.610259 -0.655035 -0.694348 -0.728045 -0.755991 -0.778077 -0.794215 -0.804342 -0.808417 -0.806426 -0.798374 -0.784295 -0.764244 -0.738300 -0.706565 -0.669165 -0.626247 -0.577981 -0.524556 -0.466185 -0.403097 -0.335541 -0.263784 -0.188109 -0.108815 -0.026214 0.059367 0.147591 0.238109 0.330564 0.424591 0.519820 0.615874 0.712375 0.808941 0.905191 1.000746 1.095229 1.188265 1.279490 1.368541 1.455069 1.538731 1.619197 1.696150 1.769285 1.838316 1.902968 1.962986 2.018135 2.068196 2.112972 2.152285 2.185982 2.213928 2.236014 2.252152 2.262279 2.266355
2.138614 2.128771 2.113228 2.092046 2.065310 2.033125 1.995618 1.952936 1.905248 1.852743 1.795628 1.734128 1.668485 1.598960 1.525825 1.449371 1.369898 1.287720 1.203162 1.116557 1.028247 0.938581 0.847912 0.756598 0.665001 0.573480 0.482397 0.392113 0.302982 0.215357 0.129584 0.046002 -0.035061 -0.113284 -0.188358 -0.259987 -0.327889 -0.391795 -0.451453 -0.506628 -0.557101 -0.602675 -0.643168 -0.678422 -0.708297 -0.732674 -0.751459 -0.764576 -0.771974 -0.773624 -0.769520 -0.759676 -0.744133 -0.722952 -0.696216 -0.664031 -0.626523 -0.583842 -0.536154 -0.483649 -0.426534 -0.365034 -0.299391 -0.229865 -0.156731 -0.080277 -0.000804 0.081374 0.165932 0.252537 0.340847 0.430513 0.521182 0.612496 0.704094 0.795614 0.886697 0.976982 1.066112 1.153737 1.239510 1.323093 1.404155 1.482378 1.557452 1.629081 1.696983 1.760889 1.820547 1.875722 1.926196 1.971769 2.012263 2.047516 2.077391 2.101768 2.120553 2.133670 2.141069 2.142719
2.008668 1.996767 1.979501 1.956939 1.929169 1.896301 1.858465 1.815810 1.768504 1.716735 1.660706 1.600639 1.536770 1.469352 1.398651 1.324945 1.248526 1.169696 1.088765 1.006052 0.921885 0.836595 0.750519 0.663997 0.577370 0.490980 0.405167 0.320272 0.236628 0.154566 0.074409 -0.003525 -0.078930 -0.151508 -0.220973 -0.287049 -0.349477 -0.408011 -0.462418 -0.512485 -0.558014 -0.598825 -0.634757 -0.665668 -0.691436 -0.711961 -0.727159 -0.736973 -0.741362 -0.740310 -0.733820 -0.721919 -0.704653 -0.682091 -0.654321 -0.621453 -0.583617 -0.540962 -0.493656 -0.441887 -0.385858 -0.325791 -0.261922 -0.194504 -0.123803 -0.050097 0.026322 0.105152 0.186083 0.268796 0.352963 0.438253 0.524329 0.610851 0.697478 0.783868 0.869681 0.954576 1.038220 1.120282 1.200439 1.278373 1.353778 1.426356 1.495820 1.561897 1.624325 1.682859 1.737266 1.787333 1.832862 1.873673 1.909605 1.940516 1.966284 1.986809 2.002007 2.011821 2.016210 2.015158
1.875628 1.861415 1.842175 1.817985 1.788939 1.755154 1.716761 1.673913 1.626778 1.575542 1.520409 1.461595 1.399332 1.333867 1.265457 1.194373 1.120894 1.045312 0.967924 0.889036 0.808959 0.728010 0.646506 0.564771 0.483127 0.401896 0.321398 0.241952 0.163871 0.087463 0.013029 -0.059137 -0.128749 -0.195534 -0.259227 -0.319577 -0.376347 -0.429311 -0.478262 -0.523005 -0.563365 -0.599181 -0.630313 -0.656638 -0.678051 -0.694469 -0.705826 -0.712079 -0.713201 -0.709188 -0.700058 -0.685844 -0.666604 -0.642414 -0.613369 -0.579583 -0.541190 -0.498342 -0.451207 -0.399972 -0.344839 -0.286024 -0.223762 -0.158296 -0.089887 -0.018802 0.054676 0.130258 0.207646 0.286534 0.366611 0.447561 0.529064 0.610799 0.692443 0.773675 0.854172 0.933618 1.011700 1.088108 1.162542 1.234707 1.304320 1.371104 1.434797 1.495148 1.551917 1.604882 1.653832 1.698576 1.738935 1.774751 1.805883 1.832208 1.853622 1.870040 1.881397 1.887649 1.888771 1.884759
1.740594 1.723831 1.702380 1.676325 1.645769 1.610833 1.571654 1.528387 1.481203 1.430288 1.375843 1.318083 1.257235 1.193541 1.127251 1.058626 0.987939 0.915467 0.841497 0.766321 0.690234 0.613539 0.536537 0.459532 0.382828 0.306728 0.231532 0.157537 0.085035 0.014312 -0.054353 -0.120688 -0.184433 -0.245335 -0.303154 -0.357662 -0.408644 -0.455899 -0.499239 -0.538495 -0.573511 -0.604149 -0.630288 -0.651825 -0.668674 -0.680770 -0.688065 -0.690529 -0.688154 -0.680948 -0.668940 -0.652178 -0.630727 -0.604672 -0.574116 -0.539179 -0.500000 -0.456734 -0.409549 -0.358634 -0.304189 -0.246429 -0.185582 -0.121887 -0.055597 0.013027 0.083715 0.156187 0.230157 0.305333 0.381419 0.458115 0.535117 0.612122 0.688825 0.764926 0.840121 0.914116 0.986618 1.057341 1.126006 1.192342 1.256086 1.316988 1.374808 1.429316 1.480298 1.527552 1.570893 1.610149 1.645165 1.675802 1.701941 1.723478 1.740328 1.752424 1.759718 1.762183 1.759808 1.752602
1.604651 1.585124 1.561244 1.533103 1.500813 1.464501 1.424311 1.380401 1.332944 1.282128 1.228154 1.171233 1.111592 1.049465 0.985097 0.918743 0.850665 0.781130 0.710414 0.638796 0.566557 0.493984 0.421363 0.348980 0.277121 0.206070 0.136107 0.067508 0.000543 -0.064522 -0.127431 -0.187936 -0.245798 -0.300789 -0.352692 -0.401301 -0.446426 -0.487887 -0.525521 -0.559181 -0.588732 -0.614058 -0.635060 -0.651654 -0.663775 -0.671376 -0.674425 -0.672912 -0.666841 -0.656238 -0.641143 -0.621617 -0.597736 -0.569596 -0.537306 -0.500994 -0.460804 -0.416893 -0.369437 -0.318621 -0.264646 -0.207726 -0.148085 -0.085957 -0.021590 0.044764 0.112843 0.182377 0.253093 0.324712 0.396950 0.469523 0.542144 0.614527 0.686386 0.757437 0.827400 0.896000 0.962964 1.028029 1.090938 1.151444 1.209306 1.264297 1.316199 1.364809 1.409933 1.451394 1.489029 1.522688 1.552239 1.577565 1.598567 1.615161 1.627283 1.634883 1.637932 1.636419 1.630348 1.619745
1.468855 1.446379 1.419875 1.389448 1.355218 1.317319 1.275902 1.231130 1.183180 1.132241 1.078513 1.022210 0.963552 0.902773 0.840110 0.775813 0.710134 0.643333 0.575674 0.507422 0.438849 0.370224 0.301818 0.233902 0.166743 0.100606 0.035752 -0.027562 -0.089088 -0.148581 -0.205807 -0.260541 -0.312567 -0.361678 -0.407682 -0.450396 -0.489653 -0.525297 -0.557187 -0.585198 -0.609219 -0.629156 -0.644929 -0.656476 -0.663753 -0.666729 -0.665394 -0.659752 -0.649827 -0.635656 -0.617297 -0.594821 -0.568317 -0.537889 -0.503659 -0.465761 -0.424344 -0.379572 -0.331621 -0.280682 -0.226955 -0.170651 -0.111994 -0.051214 0.011448 0.075746 0.141424 0.208225 0.275885 0.344136 0.412710 0.481335 0.549740 0.617657 0.684816 0.750953 0.815807 0.879121 0.940646 1.000139 1.057366 1.112100 1.164125 1.213237 1.259240 1.301955 1.341211 1.376855 1.408746 1.436757 1.460778 1.480714 1.496487 1.508035 1.515311 1.518288 1.516952 1.511311 1.501385 1.487215
1.334224 1.308644 1.279353 1.246465 1.210110 1.170433 1.127589 1.081748 1.033091 0.981810 0.928106 0.872193 0.814290 0.754626 0.693437 0.630964 0.567454 0.503157 0.438328 0.373221 0.308094 0.243204 0.178807 0.115157 0.052506 -0.008900 -0.068818 -0.127012 -0.183251 -0.237314 -0.288988 -0.338069 -0.384363 -0.427687 -0.467870 -0.504754 -0.538193 -0.568055 -0.594223 -0.616593 -0.635076 -0.649600 -0.660108 -0.666558 -0.668924 -0.667198 -0.661386 -0.651510 -0.637611 -0.619742 -0.597975 -0.572395 -0.543103 -0.510216 -0.473861 -0.434184 -0.391340 -0.345499 -0.296842 -0.245560 -0.191857 -0.135944 -0.078041 -0.018377 0.042812 0.105285 0.168795 0.233092 0.297921 0.363028 0.428155 0.493045 0.557442 0.621092 0.683743 0.745149 0.805067 0.863261 0.919500 0.973564 1.025238 1.074318 1.120612 1.163936 1.204119 1.241003 1.274442 1.304305 1.330472 1.352842 1.371325 1.385849 1.396357 1.402807 1.405173 1.403447 1.397635 1.387759 1.373860 1.355991
1.201722 1.172921 1.140711 1.105219 1.066584 1.024959 0.980509 0.933409 0.883845 0.832012 0.778115 0.722367 0.664988 0.606203 0.546246 0.485353 0.423763 0.361721 0.299471 0.237258 0.175329 0.113927 0.053295 -0.006327 -0.064705 -0.121608 -0.176812 -0.230098 -0.281257 -0.330086 -0.376393 -0.419995 -0.460720 -0.498407 -0.532907 -0.564085 -0.591817 -0.615994 -0.636520 -0.653315 -0.666312 -0.675460 -0.680722 -0.682078 -0.679523 -0.673067 -0.662734 -0.648567 -0.630621 -0.608966 -0.583688 -0.554887 -0.522677 -0.487185 -0.448550 -0.406925 -0.362475 -0.315375 -0.265811 -0.213978 -0.160081 -0.104333 -0.046954 0.011831 0.071788 0.132681 0.194271 0.256313 0.318563 0.380776 0.442705 0.504107 0.564739 0.624361 0.682739 0.739642 0.794846 0.848132 0.899291 0.948120 0.994427 1.038029 1.078754 1.116441 1.150941 1.182119 1.209851 1.234028 1.254554 1.271349 1.284346 1.293493 1.298756 1.300112 1.297557 1.291101 1.280768 1.266601 1.248655 1.227000
1.072250 1.040152 1.004931 0.966725 0.925686 0.881974 0.835764 0.787236 0.736583 0.684004 0.629708 0.573908 0.516824 0.458682 0.399712 0.340145 0.280218 0.220166 0.160226 0.100636 0.041630 -0.016559 -0.073701 -0.129571 -0.183947 -0.236617 -0.287371 -0.336010 -0.382341 -0.426181 -0.467358 -0.505710 -0.541084 -0.573341 -0.602354 -0.628008 -0.650202 -0.668849 -0.683875 -0.695220 -0.702840 -0.706705 -0.706800 -0.703123 -0.695690 -0.684530 -0.669688 -0.651220 -0.629201 -0.603718 -0.574870 -0.542773 -0.507551 -0.469345 -0.428306 -0.384594 -0.338384 -0.289856 -0.239203 -0.186625 -0.132328 -0.076528 -0.019444 0.038697 0.097668 0.157235 0.217162 0.277214 0.337154 0.396744 0.455750 0.513939 0.571081 0.626950 0.681327 0.733997 0.784751 0.833389 0.879720 0.923561 0.964738 1.003089 1.038463 1.070721 1.099734 1.125388 1.147582 1.166229 1.181255 1.192600 1.200220 1.204085 1.204180 1.200503 1.193070 1.181910 1.167067 1.148600 1.126581 1.101098
0.946638 0.911210 0.872927 0.831937 0.788404 0.742499 0.694403 0.644307 0.592407 0.538908 0.484022 0.427966 0.370959 0.313229 0.255002 0.196508 0.137978 0.079642 0.021733 -0.035524 -0.091900 -0.147174 -0.201128 -0.253549 -0.304230 -0.352970 -0.399578 -0.443869 -0.485669 -0.524813 -0.561146 -0.594525 -0.624819 -0.651907 -0.675682 -0.696052 -0.712935 -0.726265 -0.735989 -0.742069 -0.744480 -0.743215 -0.738276 -0.729685 -0.717474 -0.701692 -0.682401 -0.659678 -0.633612 -0.604306 -0.571875 -0.536448 -0.498164 -0.457175 -0.413642 -0.367737 -0.319641 -0.269544 -0.217644 -0.164145 -0.109259 -0.053203 0.003803 0.061534 0.119761 0.178255 0.236785 0.295120 0.353030 0.410286 0.466663 0.521937 0.575891 0.628312 0.678992 0.727733 0.774340 0.818632 0.860432 0.899576 0.935909 0.969288 0.999581 1.026669 1.050445 1.070814 1.087697 1.101027 1.110751 1.116831 1.119243 1.117977 1.113039 1.104447 1.092237 1.076455 1.057164 1.034441 1.008375 0.979068
0.825633 0.786891 0.745537 0.701736 0.655660 0.607492 0.557420 0.505643 0.452365 0.397797 0.342153 0.285654 0.228521 0.170982 0.113263 0.055591 -0.001806 -0.058701 -0.114870 -0.170090 -0.224145 -0.276820 -0.327909 -0.377208 -0.424525 -0.469671 -0.512469 -0.552750 -0.590355 -0.625135 -0.656954 -0.685685 -0.711216 -0.733445 -0.752285 -0.767661 -0.779514 -0.787795 -0.792472 -0.793527 -0.790956 -0.784769 -0.774990 -0.761658 -0.744825 -0.724558 -0.700937 -0.674055 -0.644019 -0.610946 -0.574967 -0.536224 -0.494871 -0.451070 -0.404994 -0.356825 -0.306754 -0.254977 -0.201699 -0.147130 -0.091487 -0.034987 0.022145 0.079684 0.137404 0.195076 0.252473 0.309367 0.365536 0.420757 0.474811 0.527487 0.578575 0.627875 0.675191 0.720338 0.763136 0.803417 0.841022 0.875802 0.907621 0.936352 0.961882 0.984112 1.002952 1.018328 1.030180 1.038461 1.043138 1.044194 1.041623 1.035435 1.025656 1.012324 0.995491 0.975225 0.951604 0.924722 0.894685 0.861612
0.709898 0.667902 0.623519 0.576922 0.528296 0.477833 0.425732 0.372199 0.317445 0.261686 0.205141 0.148035 0.090593 0.033041 -0.024394 -0.081485 -0.138006 -0.193735 -0.248452 -0.301940 -0.353989 -0.404392 -0.452953 -0.499477 -0.543783 -0.585695 -0.625047 -0.661685 -0.695464 -0.726251 -0.753923 -0.778372 -0.799502 -0.817228 -0.831481 -0.842205 -0.849358 -0.852911 -0.852849 -0.849175 -0.841901 -0.831056 -0.816684 -0.798841 -0.777598 -0.753038 -0.725259 -0.694369 -0.660491 -0.623759 -0.584317 -0.542321 -0.497938 -0.451341 -0.402715 -0.352252 -0.300151 -0.246618 -0.191864 -0.136105 -0.079560 -0.022454 0.034988 0.092540 0.149975 0.207066 0.263587 0.319316 0.374033 0.427521 0.479570 0.529973 0.578534 0.625058 0.669364 0.711276 0.750629 0.787267 0.821045 0.851832 0.879504 0.903953 0.925083 0.942809 0.957062 0.967786 0.974939 0.978492 0.978430 0.974756 0.967482 0.956637 0.942265 0.924423 0.903179 0.878619 0.850840 0.819950 0.786072 0.749340
0.600000 0.554863 0.507536 0.458205 0.407067 0.354322 0.300179 0.244851 0.188556 0.131518 0.073961 0.016111 -0.041802 -0.099550 -0.156905 -0.213641 -0.269533 -0.324362 -0.377911 -0.429969 -0.480329 -0.528794 -0.575172 -0.619280 -0.660944 -0.700000 -0.736293 -0.769680 -0.800030 -0.827222 -0.851150 -0.871718 -0.888847 -0.902467 -0.912526 -0.918983 -0.921814 -0.921006 -0.916564 -0.908505 -0.896860 -0.881676 -0.863012 -0.840942 -0.815553 -0.786946 -0.755233 -0.720539 -0.683002 -0.642769 -0.600000 -0.554863 -0.507536 -0.458205 -0.407067 -0.354322 -0.300179 -0.244851 -0.188556 -0.131518 -0.073961 -0.016111 0.041802 0.099550 0.156905 0.213641 0.269533 0.324362 0.377911 0.429969 0.480329 0.528794 0.575172 0.619280 0.660944 0.700000 0.736293 0.769680 0.800030 0.827222 0.851150 0.871718 0.888847 0.902467 0.912526 0.918983 0.921814 0.921006 0.916564 0.908505 0.896860 0.881676 0.863012 0.840942 0.815553 0.786946 0.755233 0.720539 0.683002 0.642769
0.496410 0.448292 0.398157 0.346203 0.292635 0.237664 0.181507 0.124386 0.066527 0.008157 -0.050493 -0.109191 -0.167707 -0.225808 -0.283266 -0.339854 -0.395348 -0.449530 -0.502185 -0.553107 -0.602093 -0.648952 -0.693496 -0.735552 -0.774953 -0.811543 -0.845178 -0.875725 -0.903064 -0.927087 -0.947699 -0.964818 -0.978378 -0.988324 -0.994617 -0.997234 -0.996162 -0.991406 -0.982986 -0.970935 -0.955299 -0.936141 -0.913536 -0.887574 -0.858356 -0.825999 -0.790630 -0.752388 -0.711425 -0.667902 -0.621991 -0.573873 -0.523738 -0.471784 -0.418216 -0.363245 -0.307088 -0.249967 -0.192108 -0.133738 -0.075088 -0.016390 0.042126 0.100227 0.157685 0.214273 0.269767 0.323949 0.376604 0.427526 0.476512 0.523370 0.567915 0.609971 0.649371 0.685961 0.719596 0.750144 0.777483 0.801506 0.822117 0.839237 0.852797 0.862743 0.869036 0.871653 0.870581 0.865825 0.857405 0.845354 0.829718 0.810560 0.787955 0.761993 0.732775 0.700418 0.665049 0.626807 0.585844 0.542321
0.399500 0.348612 0.295853 0.241431 0.185563 0.128467 0.070370 0.011500 -0.047909 -0.107625 -0.167410 -0.227029 -0.286247 -0.344829 -0.402546 -0.459168 -0.514473 -0.568242 -0.620263 -0.670331 -0.718248 -0.763825 -0.806882 -0.847250 -0.884768 -0.919289 -0.950677 -0.978808 -1.003570 -1.024867 -1.042613 -1.056739 -1.067190 -1.073923 -1.076913 -1.076147 -1.071628 -1.063376 -1.051421 -1.035811 -1.016608 -0.993888 -0.967740 -0.938267 -0.905586 -0.869825 -0.831127 -0.789643 -0.745537 -0.698984 -0.650167 -0.599278 -0.546519 -0.492098 -0.436229 -0.379134 -0.321036 -0.262167 -0.202757 -0.143042 -0.083257 -0.023638 0.035580 0.094163 0.151879 0.208501 0.263806 0.317575 0.369597 0.419665 0.467582 0.513159 0.556216 0.596583 0.634102 0.668623 0.700011 0.728142 0.752904 0.774200 0.791946 0.806073 0.816523 0.823256 0.826246 0.825480 0.820962 0.812709 0.800754 0.785145 0.765942 0.743221 0.717073 0.687600 0.654919 0.619159 0.580461 0.538977 0.494871 0.448318
0.309541 0.256140 0.200988 0.144304 0.086310 0.027237 -0.032684 -0.093215 -0.154117 -0.215151 -0.276076 -0.336650 -0.396635 -0.455795 -0.513895 -0.570706 -0.626005 -0.679572 -0.731198 -0.780677 -0.827814 -0.872424 -0.914331 -0.953368 -0.989383 -1.022232 -1.051787 -1.077930 -1.100559 -1.119583 -1.134929 -1.146535 -1.154356 -1.158361 -1.158534 -1.154874 -1.147395 -1.136128 -1.121117 -1.102421 -1.080113 -1.054282 -1.025030 -0.992472 -0.956737 -0.917966 -0.876311 -0.831937 -0.785020 -0.735744 -0.684304 -0.630903 -0.575751 -0.519066 -0.461073 -0.402000 -0.342079 -0.281548 -0.220645 -0.159611 -0.098687 -0.038113 0.021873 0.081032 0.139132 0.195944 0.251242 0.304810 0.356435 0.405914 0.453052 0.497662 0.539568 0.578606 0.614620 0.647470 0.677024 0.703167 0.725796 0.744821 0.760167 0.771773 0.779594 0.783598 0.783771 0.780111 0.772633 0.761366 0.746354 0.727658 0.705350 0.679520 0.650268 0.617710 0.581975 0.543203 0.501548 0.457175 0.410257 0.360981
0.226705 0.171094 0.113827 0.055129 -0.004768 -0.065627 -0.127209 -0.189270 -0.251566 -0.313851 -0.375878 -0.437403 -0.498184 -0.557980 -0.616555 -0.673679 -0.729125 -0.782676 -0.834118 -0.883251 -0.929879 -0.973819 -1.014897 -1.052951 -1.087831 -1.119400 -1.147532 -1.172116 -1.193057 -1.210270 -1.223689 -1.233260 -1.238945 -1.240722 -1.238583 -1.232539 -1.222611 -1.208840 -1.191279 -1.169999 -1.145082 -1.116628 -1.084749 -1.049570 -1.011230 -0.969881 -0.925686 -0.878818 -0.829465 -0.777819 -0.724084 -0.668474 -0.611207 -0.552509 -0.492612 -0.431753 -0.370171 -0.308109 -0.245814 -0.183529 -0.121502 -0.059976 0.000804 0.060600 0.119176 0.176299 0.231746 0.285296 0.336739 0.385871 0.432499 0.476439 0.517517 0.555571 0.590451 0.622020 0.650152 0.674737 0.695677 0.712891 0.726309 0.735880 0.741565 0.743342 0.741204 0.735159 0.725231 0.711460 0.693900 0.672619 0.647703 0.619248 0.587369 0.552190 0.513850 0.472501 0.428306 0.381439 0.332085 0.280439
0.151064 0.093591 0.034530 -0.025888 -0.087423 -0.149833 -0.212871 -0.276288 -0.339834 -0.403259 -0.466312 -0.528744 -0.590309 -0.650764 -0.709870 -0.767394 -0.823109 -0.876795 -0.928241 -0.977242 -1.023607 -1.067151 -1.107703 -1.145104 -1.179204 -1.209871 -1.236982 -1.260431 -1.280125 -1.295986 -1.307953 -1.315977 -1.320027 -1.320087 -1.316157 -1.308252 -1.296404 -1.280658 -1.261079 -1.237741 -1.210739 -1.180178 -1.146179 -1.108876 -1.068416 -1.024959 -0.978677 -0.929752 -0.878377 -0.824756 -0.769098 -0.711625 -0.652564 -0.592146 -0.530611 -0.468201 -0.405163 -0.341746 -0.278200 -0.214775 -0.151722 -0.089290 -0.027725 0.032730 0.091836 0.149360 0.205075 0.258761 0.310207 0.359208 0.405573 0.449117 0.489669 0.527070 0.561170 0.591837 0.618948 0.642397 0.662091 0.677952 0.689919 0.697943 0.701993 0.702053 0.698123 0.690218 0.678370 0.662624 0.643045 0.619707 0.592705 0.562144 0.528145 0.490842 0.450382 0.406925 0.360643 0.311718 0.260343 0.206722
0.082601 0.023651 -0.036844 -0.098647 -0.161514 -0.225196 -0.289442 -0.353998 -0.418610 -0.483023 -0.546983 -0.610237 -0.672535 -0.733632 -0.793286 -0.851262 -0.907332 -0.961274 -1.012875 -1.061931 -1.108249 -1.151646 -1.191951 -1.229005 -1.262661 -1.292787 -1.319264 -1.341987 -1.360866 -1.375828 -1.386813 -1.393777 -1.396694 -1.395551 -1.390354 -1.381122 -1.367892 -1.350717 -1.329664 -1.304816 -1.276272 -1.244143 -1.208558 -1.169655 -1.127589 -1.082526 -1.034644 -0.984131 -0.931187 -0.876021 -0.818850 -0.759900 -0.699405 -0.637602 -0.574735 -0.511053 -0.446807 -0.382251 -0.317639 -0.253226 -0.189266 -0.126012 -0.063714 -0.002617 0.057037 0.115013 0.171083 0.225025 0.276625 0.325682 0.372000 0.415397 0.455702 0.492756 0.526412 0.556538 0.583014 0.605737 0.624617 0.639579 0.650563 0.657528 0.660445 0.659302 0.654104 0.644873 0.631643 0.614468 0.593415 0.568567 0.540023 0.507894 0.472309 0.433406 0.391340 0.346277 0.298395 0.247882 0.194938 0.139771
0.021206 -0.038799 -0.100331 -0.163147 -0.227000 -0.291637 -0.356804 -0.422242 -0.487695 -0.552904 -0.617610 -0.681560 -0.744500 -0.806182 -0.866364 -0.924806 -0.981279 -1.035559 -1.087433 -1.136696 -1.183153 -1.226621 -1.266929 -1.303917 -1.337439 -1.367364 -1.393572 -1.415961 -1.434442 -1.448943 -1.459405 -1.465788 -1.468067 -1.466232 -1.460292 -1.450268 -1.436201 -1.418147 -1.396176 -1.370375 -1.340847 -1.307707 -1.271087 -1.231130 -1.187996 -1.141853 -1.092884 -1.041282 -0.987251 -0.931005 -0.872764 -0.812760 -0.751228 -0.688412 -0.624559 -0.559922 -0.494755 -0.429316 -0.363863 -0.298655 -0.233948 -0.169999 -0.107058 -0.045376 0.014805 0.073247 0.129720 0.184001 0.235875 0.285137 0.331595 0.375063 0.415370 0.452358 0.485881 0.515805 0.542013 0.564402 0.582884 0.597384 0.607846 0.614230 0.616509 0.614674 0.608733 0.598709 0.584643 0.566588 0.544617 0.518817 0.489288 0.456149 0.419528 0.379572 0.336437 0.290294 0.241325 0.189724 0.135693 0.079446
-0.033312 -0.093920 -0.156058 -0.219482 -0.283941 -0.349180 -0.414943 -0.480970 -0.546999 -0.612771 -0.678026 -0.742507 -0.805958 -0.868130 -0.928777 -0.987659 -1.044546 -1.099211 -1.151439 -1.201024 -1.247771 -1.291495 -1.332023 -1.369195 -1.402865 -1.432900 -1.459181 -1.481604 -1.500082 -1.514540 -1.524923 -1.531189 -1.533313 -1.531288 -1.525120 -1.514834 -1.500472 -1.482089 -1.459758 -1.433567 -1.403620 -1.370035 -1.332944 -1.292494 -1.248844 -1.202167 -1.152647 -1.100479 -1.045869 -0.989033 -0.930195 -0.869588 -0.807449 -0.744025 -0.679566 -0.614327 -0.548564 -0.482538 -0.416508 -0.350736 -0.285481 -0.221001 -0.157549 -0.095378 -0.034731 0.024152 0.081038 0.135703 0.187932 0.237517 0.284264 0.327987 0.368515 0.405687 0.439357 0.469392 0.495673 0.518097 0.536574 0.551033 0.561416 0.567682 0.569806 0.567780 0.561612 0.551327 0.536964 0.518581 0.496250 0.470060 0.440113 0.406528 0.369437 0.328987 0.285337 0.238660 0.189140 0.136972 0.082362 0.025526
-0.081217 -0.141951 -0.204240 -0.267837 -0.332491 -0.397948 -0.463950 -0.530235 -0.596542 -0.662609 -0.728176 -0.792984 -0.856777 -0.919303 -0.980316 -1.039575 -1.096846 -1.151903 -1.204528 -1.254514 -1.301664 -1.345791 -1.386722 -1.424295 -1.458362 -1.488787 -1.515452 -1.538250 -1.557093 -1.571905 -1.582628 -1.589220 -1.591654 -1.589922 -1.584030 -1.574001 -1.559874 -1.541707 -1.519569 -1.493549 -1.463750 -1.430288 -1.393296 -1.352921 -1.309320 -1.262667 -1.213146 -1.160951 -1.106289 -1.049376 -0.990436 -0.929702 -0.867414 -0.803817 -0.739162 -0.673705 -0.607704 -0.541419 -0.475112 -0.409045 -0.343478 -0.278670 -0.214877 -0.152350 -0.091337 -0.032078 0.025192 0.080249 0.132874 0.182860 0.230010 0.274138 0.315069 0.352642 0.386708 0.417134 0.443798 0.466597 0.485439 0.500251 0.510974 0.517566 0.520001 0.518269 0.512376 0.502347 0.488221 0.470053 0.447916 0.421896 0.392096 0.358634 0.321643 0.281267 0.237667 0.191014 0.141492 0.089297 0.034636 -0.022277
-0.122842 -0.183205 -0.245165 -0.308478 -0.372892 -0.438155 -0.504008 -0.570192 -0.636445 -0.702506 -0.768115 -0.833011 -0.896940 -0.959649 -1.020891 -1.080423 -1.138010 -1.193427 -1.246453 -1.296880 -1.344508 -1.389150 -1.430629 -1.468782 -1.503458 -1.534520 -1.561846 -1.585327 -1.604872 -1.620403 -1.631859 -1.639194 -1.642380 -1.641403 -1.636269 -1.626997 -1.613623 -1.596201 -1.574799 -1.549502 -1.520409 -1.487636 -1.451311 -1.411579 -1.368595 -1.322530 -1.273565 -1.221894 -1.167720 -1.111257 -1.052729 -0.992365 -0.930405 -0.867093 -0.802678 -0.737416 -0.671563 -0.605379 -0.539126 -0.473064 -0.407456 -0.342559 -0.278630 -0.215921 -0.154680 -0.095148 -0.037560 0.017856 0.070882 0.121309 0.168937 0.213579 0.255058 0.293211 0.327887 0.358949 0.386275 0.409757 0.429302 0.444833 0.456288 0.463623 0.466809 0.465833 0.460698 0.451426 0.438052 0.420630 0.399228 0.373931 0.344839 0.312065 0.275741 0.236008 0.193025 0.146959 0.097995 0.046323 -0.007851 -0.064313
-0.158573 -0.218056 -0.279194 -0.341746 -0.405464 -0.470098 -0.535393 -0.601090 -0.666930 -0.732654 -0.798003 -0.862717 -0.926542 -0.989227 -1.050523 -1.110188 -1.167988 -1.223694 -1.277086 -1.327954 -1.376096 -1.421324 -1.463457 -1.502331 -1.537791 -1.569698 -1.597926 -1.622363 -1.642913 -1.659494 -1.672042 -1.680507 -1.684856 -1.685070 -1.681150 -1.673111 -1.660984 -1.644818 -1.624677 -1.600639 -1.572799 -1.541268 -1.506171 -1.467644 -1.425841 -1.380927 -1.333078 -1.282484 -1.229344 -1.173868 -1.116275 -1.056792 -0.995654 -0.933102 -0.869384 -0.804749 -0.739455 -0.673758 -0.607918 -0.542194 -0.476845 -0.412131 -0.348306 -0.285621 -0.224325 -0.164660 -0.106860 -0.051154 0.002238 0.053106 0.101248 0.146476 0.188609 0.227483 0.262943 0.294850 0.323078 0.347515 0.368065 0.384646 0.397194 0.405659 0.410008 0.410222 0.406302 0.398263 0.386137 0.369970 0.349829 0.325791 0.297951 0.266420 0.231323 0.192796 0.150993 0.106079 0.058230 0.007636 -0.045504 -0.100980
-0.188846 -0.246932 -0.306744 -0.368048 -0.430600 -0.494155 -0.558461 -0.623265 -0.688311 -0.753341 -0.818101 -0.882333 -0.945785 -1.008205 -1.069349 -1.128973 -1.186844 -1.242732 -1.296418 -1.347689 -1.396342 -1.442187 -1.485041 -1.524736 -1.561116 -1.594036 -1.623366 -1.648992 -1.670811 -1.688738 -1.702702 -1.712648 -1.718536 -1.720344 -1.718064 -1.711705 -1.701292 -1.686866 -1.668485 -1.646221 -1.620162 -1.590410 -1.557083 -1.520312 -1.480243 -1.437034 -1.390855 -1.341889 -1.290328 -1.236377 -1.180248 -1.122163 -1.062350 -1.001047 -0.938494 -0.874939 -0.810633 -0.745829 -0.680784 -0.615753 -0.550993 -0.486761 -0.423310 -0.360889 -0.299746 -0.240121 -0.182250 -0.126362 -0.072676 -0.021406 0.027248 0.073093 0.115947 0.155642 0.192022 0.224942 0.254272 0.279898 0.301717 0.319644 0.333608 0.343554 0.349442 0.351250 0.348969 0.342610 0.332198 0.317772 0.299391 0.277127 0.251067 0.221315 0.187988 0.151218 0.111149 0.067940 0.021761 -0.027205 -0.078766 -0.132717
-0.214130 -0.270301 -0.328282 -0.387844 -0.448753 -0.510767 -0.573642 -0.637131 -0.700982 -0.764943 -0.828763 -0.892188 -0.954970 -1.016859 -1.077612 -1.136990 -1.194757 -1.250686 -1.304556 -1.356154 -1.405277 -1.451731 -1.495332 -1.535910 -1.573302 -1.607362 -1.637956 -1.664962 -1.688275 -1.707801 -1.723464 -1.735203 -1.742970 -1.746736 -1.746485 -1.742218 -1.733953 -1.721721 -1.705571 -1.685567 -1.661788 -1.634328 -1.603294 -1.568810 -1.531011 -1.490047 -1.446080 -1.399282 -1.349839 -1.297946 -1.243807 -1.187636 -1.129655 -1.070093 -1.009185 -0.947170 -0.884295 -0.820806 -0.756955 -0.692994 -0.629175 -0.565749 -0.502968 -0.441078 -0.380325 -0.320948 -0.263180 -0.207252 -0.153382 -0.101783 -0.052660 -0.006206 0.037395 0.077972 0.115365 0.149425 0.180019 0.207025 0.230337 0.249864 0.265527 0.277266 0.285033 0.288799 0.288548 0.284281 0.276016 0.263784 0.247634 0.227630 0.203851 0.176390 0.145357 0.110873 0.073074 0.032110 -0.011857 -0.058655 -0.108098 -0.159992
-0.234920 -0.288665 -0.344312 -0.401641 -0.460425 -0.520434 -0.581429 -0.643170 -0.705414 -0.767915 -0.830427 -0.892701 -0.954494 -1.015561 -1.075660 -1.134555 -1.192013 -1.247808 -1.301720 -1.353535 -1.403048 -1.450066 -1.494402 -1.535881 -1.574339 -1.609625 -1.641599 -1.670136 -1.695122 -1.716459 -1.734063 -1.747865 -1.757809 -1.763856 -1.765984 -1.764183 -1.758460 -1.748838 -1.735355 -1.718065 -1.697035 -1.672348 -1.644102 -1.612409 -1.577393 -1.539192 -1.497958 -1.453854 -1.407052 -1.357738 -1.306106 -1.252361 -1.196715 -1.139386 -1.080601 -1.020593 -0.959598 -0.897856 -0.835612 -0.773111 -0.710600 -0.648325 -0.586532 -0.525466 -0.465367 -0.406471 -0.349013 -0.293218 -0.239307 -0.187492 -0.137978 -0.090960 -0.046625 -0.005146 0.033312 0.068598 0.100573 0.129109 0.154096 0.175433 0.193037 0.206838 0.216782 0.222830 0.224957 0.223156 0.217433 0.207812 0.194329 0.177038 0.156008 0.131322 0.103076 0.071382 0.036366 -0.001834 -0.043068 -0.087173 -0.133975 -0.183289
-0.251722 -0.302544 -0.355364 -0.409975 -0.466161 -0.523700 -0.582365 -0.641924 -0.702143 -0.762784 -0.823607 -0.884372 -0.944840 -1.004772 -1.063932 -1.122085 -1.179003 -1.234461 -1.288240 -1.340127 -1.389919 -1.437418 -1.482436 -1.524798 -1.564334 -1.600889 -1.634320 -1.664493 -1.691290 -1.714605 -1.734346 -1.750435 -1.762809 -1.771419 -1.776230 -1.777225 -1.774398 -1.767762 -1.757341 -1.743178 -1.725329 -1.703863 -1.678866 -1.650435 -1.618684 -1.583738 -1.545734 -1.504823 -1.461165 -1.414934 -1.366312 -1.315490 -1.262670 -1.208059 -1.151873 -1.094334 -1.035669 -0.976110 -0.915891 -0.855250 -0.794427 -0.733662 -0.673194 -0.613262 -0.554102 -0.495949 -0.439031 -0.383573 -0.329794 -0.277907 -0.228115 -0.180616 -0.135598 -0.093236 -0.053700 -0.017145 0.016286 0.046459 0.073256 0.096571 0.116312 0.132401 0.144775 0.153385 0.158196 0.159191 0.156364 0.149728 0.139307 0.125144 0.107295 0.085829 0.060832 0.032401 0.000650 -0.034296 -0.072300 -0.113211 -0.156869 -0.203100
-0.265046 -0.312466 -0.361985 -0.413408 -0.466532 -0.521146 -0.577036 -0.633981 -0.691756 -0.750133 -0.808882 -0.867771 -0.926567 -0.985039 -1.042955 -1.100088 -1.156211 -1.211103 -1.264548 -1.316334 -1.366258 -1.414121 -1.459736 -1.502923 -1.543510 -1.581338 -1.616257 -1.648129 -1.676830 -1.702245 -1.724274 -1.742830 -1.757840 -1.769246 -1.777001 -1.781075 -1.781452 -1.778131 -1.771124 -1.760460 -1.746180 -1.728342 -1.707014 -1.682282 -1.654242 -1.623006 -1.588698 -1.551451 -1.511414 -1.468744 -1.423610 -1.376190 -1.326670 -1.275248 -1.222124 -1.167510 -1.111620 -1.054675 -0.996900 -0.938523 -0.879774 -0.820885 -0.762089 -0.703617 -0.645701 -0.588568 -0.532445 -0.477553 -0.424108 -0.372322 -0.322398 -0.274534 -0.228919 -0.185733 -0.145146 -0.107318 -0.072399 -0.040527 -0.011826 0.013589 0.035618 0.054174 0.069185 0.080590 0.088345 0.092419 0.092796 0.089475 0.082468 0.071804 0.057525 0.039686 0.018358 -0.006374 -0.034414 -0.065649 -0.099958 -0.137205 -0.177242 -0.219912
-0.275391 -0.318957 -0.364724 -0.412509 -0.462125 -0.513375 -0.566058 -0.619965 -0.674884 -0.730597 -0.786886 -0.843528 -0.900299 -0.956975 -1.013333 -1.069150 -1.124206 -1.178284 -1.231170 -1.282655 -1.332537 -1.380619 -1.426710 -1.470628 -1.512202 -1.551265 -1.587665 -1.621258 -1.651910 -1.679502 -1.703924 -1.725079 -1.742885 -1.757271 -1.768180 -1.775569 -1.779410 -1.779686 -1.776397 -1.769555 -1.759189 -1.745338 -1.728057 -1.707415 -1.683493 -1.656386 -1.626199 -1.593054 -1.557079 -1.518418 -1.477223 -1.433656 -1.387890 -1.340104 -1.290488 -1.239238 -1.186555 -1.132648 -1.077730 -1.022016 -0.965727 -0.909086 -0.852315 -0.795638 -0.739280 -0.683463 -0.628407 -0.574329 -0.521443 -0.469958 -0.420076 -0.371995 -0.325904 -0.281985 -0.240412 -0.201348 -0.164948 -0.131355 -0.100703 -0.073111 -0.048690 -0.027534 -0.009728 0.004658 0.015567 0.022956 0.026796 0.027072 0.023783 0.016942 0.006575 -0.007276 -0.024556 -0.045198 -0.069120 -0.096228 -0.126414 -0.159560 -0.195534 -0.234195
-0.283236 -0.322530 -0.364121 -0.407847 -0.453533 -0.501001 -0.550062 -0.600524 -0.652187 -0.704846 -0.758295 -0.812322 -0.866714 -0.921257 -0.975735 -1.029932 -1.083637 -1.136635 -1.188719 -1.239682 -1.289324 -1.337448 -1.383865 -1.428391 -1.470852 -1.511078 -1.548912 -1.584203 -1.616814 -1.646615 -1.673488 -1.697328 -1.718040 -1.735542 -1.749766 -1.760656 -1.768168 -1.772273 -1.772954 -1.770210 -1.764050 -1.754499 -1.741595 -1.725388 -1.705943 -1.683337 -1.657658 -1.629008 -1.597500 -1.563258 -1.526418 -1.487124 -1.445533 -1.401808 -1.356121 -1.308653 -1.259592 -1.209130 -1.157468 -1.104808 -1.051359 -0.997332 -0.942940 -0.888397 -0.833920 -0.779722 -0.726018 -0.673019 -0.620935 -0.569972 -0.520330 -0.472206 -0.425789 -0.381263 -0.338803 -0.298576 -0.260743 -0.225451 -0.192840 -0.163039 -0.136166 -0.112327 -0.091614 -0.074112 -0.059888 -0.048998 -0.041486 -0.037381 -0.036700 -0.039444 -0.045604 -0.055155 -0.068059 -0.084266 -0.103711 -0.126317 -0.151996 -0.180646 -0.212154 -0.246396
-0.289033 -0.323670 -0.360700 -0.399976 -0.441343 -0.484637 -0.529688 -0.576318 -0.624343 -0.673574 -0.723815 -0.774870 -0.826535 -0.878608 -0.930883 -0.983154 -1.035214 -1.086858 -1.137882 -1.188085 -1.237268 -1.285238 -1.331805 -1.376785 -1.420001 -1.461283 -1.500466 -1.537398 -1.571932 -1.603931 -1.633270 -1.659832 -1.683513 -1.704220 -1.721870 -1.736394 -1.747734 -1.755847 -1.760700 -1.762273 -1.760561 -1.755570 -1.747320 -1.735843 -1.721186 -1.703405 -1.682570 -1.658765 -1.632083 -1.602630 -1.570520 -1.535882 -1.498853 -1.459577 -1.418210 -1.374916 -1.329865 -1.283235 -1.235210 -1.185979 -1.135738 -1.084683 -1.033018 -0.980945 -0.928670 -0.876399 -0.824339 -0.772695 -0.721671 -0.671468 -0.622285 -0.574315 -0.527748 -0.482768 -0.439552 -0.398270 -0.359087 -0.322155 -0.287621 -0.255622 -0.226283 -0.199721 -0.176040 -0.155333 -0.137683 -0.123159 -0.111819 -0.103706 -0.098853 -0.097280 -0.098992 -0.103983 -0.112233 -0.123710 -0.138367 -0.156148 -0.176983 -0.200788 -0.227470 -0.256923
-0.293189 -0.322833 -0.354955 -0.389431 -0.426122 -0.464886 -0.505568 -0.548008 -0.592039 -0.637487 -0.684172 -0.731911 -0.780514 -0.829791 -0.879546 -0.929583 -0.979705 -1.029714 -1.079413 -1.128605 -1.177096 -1.224695 -1.271214 -1.316470 -1.360284 -1.402483 -1.442900 -1.481376 -1.517759 -1.551905 -1.583680 -1.612959 -1.639625 -1.663574 -1.684711 -1.702952 -1.718227 -1.730473 -1.739643 -1.745702 -1.748624 -1.748398 -1.745026 -1.738520 -1.728907 -1.716224 -1.700521 -1.681860 -1.660315 -1.635971 -1.608924 -1.579280 -1.547158 -1.512682 -1.475991 -1.437227 -1.396545 -1.354105 -1.310074 -1.264626 -1.217941 -1.170202 -1.121599 -1.072322 -1.022567 -0.972530 -0.922408 -0.872399 -0.822700 -0.773508 -0.725017 -0.677418 -0.630899 -0.585643 -0.541829 -0.499631 -0.459213 -0.420738 -0.384354 -0.350208 -0.318433 -0.289154 -0.262488 -0.238539 -0.217402 -0.199161 -0.183886 -0.171640 -0.162470 -0.156411 -0.153489 -0.153715 -0.157087 -0.163593 -0.173206 -0.185889 -0.201592 -0.220253 -0.241798 -0.266142
-0.296069 -0.320426 -0.347342 -0.376709 -0.408413 -0.442327 -0.478317 -0.516243 -0.555954 -0.597293 -0.640098 -0.684199 -0.729422 -0.775590 -0.822519 -0.870024 -0.917918 -0.966012 -1.014117 -1.062042 -1.109597 -1.156597 -1.202854 -1.248187 -1.292416 -1.335368 -1.376871 -1.416764 -1.454887 -1.491092 -1.525234 -1.557180 -1.586802 -1.613985 -1.638621 -1.660612 -1.679872 -1.696325 -1.709906 -1.720562 -1.728249 -1.732939 -1.734612 -1.733262 -1.728894 -1.721525 -1.711185 -1.697914 -1.681765 -1.662801 -1.641098 -1.616740 -1.589824 -1.560457 -1.528754 -1.494840 -1.458849 -1.420923 -1.381212 -1.339873 -1.297068 -1.252967 -1.207744 -1.161577 -1.114648 -1.067142 -1.019248 -0.971154 -0.923049 -0.875125 -0.827569 -0.780570 -0.734312 -0.688979 -0.644750 -0.601799 -0.560295 -0.520403 -0.482279 -0.446074 -0.411932 -0.379987 -0.350364 -0.323181 -0.298546 -0.276554 -0.257294 -0.240841 -0.227260 -0.216605 -0.208917 -0.204228 -0.202555 -0.203905 -0.208273 -0.215641 -0.225981 -0.239252 -0.255401 -0.274365
-0.297978 -0.316810 -0.338269 -0.362269 -0.388716 -0.417506 -0.448524 -0.481650 -0.516751 -0.553689 -0.592318 -0.632487 -0.674036 -0.716802 -0.760616 -0.805304 -0.850691 -0.896597 -0.942841 -0.989241 -1.035614 -1.081776 -1.127546 -1.172742 -1.217186 -1.260704 -1.303123 -1.344275 -1.383999 -1.422138 -1.458541 -1.493064 -1.525571 -1.555934 -1.584034 -1.609758 -1.633006 -1.653686 -1.671717 -1.687026 -1.699555 -1.709252 -1.716081 -1.720013 -1.721034 -1.719140 -1.714337 -1.706646 -1.696096 -1.682728 -1.666597 -1.647765 -1.626306 -1.602306 -1.575858 -1.547069 -1.516050 -1.482925 -1.447824 -1.410886 -1.372256 -1.332087 -1.290538 -1.247772 -1.203959 -1.159270 -1.113884 -1.067977 -1.021733 -0.975333 -0.928960 -0.882798 -0.837029 -0.791833 -0.747388 -0.703871 -0.661452 -0.620299 -0.580575 -0.542437 -0.506034 -0.471511 -0.439003 -0.408640 -0.380541 -0.354816 -0.331568 -0.310888 -0.292858 -0.277548 -0.265020 -0.255322 -0.248494 -0.244561 -0.243540 -0.245435 -0.250237 -0.257929 -0.268479 -0.281846
-0.299162 -0.312284 -0.328089 -0.346515 -0.367489 -0.390928 -0.416740 -0.444822 -0.475064 -0.507347 -0.541543 -0.577517 -0.615127 -0.654225 -0.694657 -0.736263 -0.778878 -0.822335 -0.866462 -0.911084 -0.956027 -1.001112 -1.046161 -1.090998 -1.135444 -1.179324 -1.222465 -1.264698 -1.305854 -1.345773 -1.384295 -1.421270 -1.456552 -1.490000 -1.521483 -1.550878 -1.578067 -1.602943 -1.625409 -1.645376 -1.662764 -1.677506 -1.689543 -1.698827 -1.705322 -1.709003 -1.709854 -1.707873 -1.703067 -1.695455 -1.685068 -1.671945 -1.656140 -1.637714 -1.616740 -1.593301 -1.567490 -1.539407 -1.509165 -1.476883 -1.442687 -1.406712 -1.369102 -1.330004 -1.289572 -1.247967 -1.205352 -1.161895 -1.117768 -1.073145 -1.028202 -0.983117 -0.938068 -0.893232 -0.848786 -0.804905 -0.761764 -0.719532 -0.678375 -0.638457 -0.599934 -0.562959 -0.527678 -0.494229 -0.462746 -0.433352 -0.406163 -0.381286 -0.358820 -0.338854 -0.321465 -0.306723 -0.294687 -0.285402 -0.278907 -0.275226 -0.274375 -0.276356 -0.281162 -0.288774
-0.299800 -0.307085 -0.317097 -0.329797 -0.345134 -0.363048 -0.383467 -0.406312 -0.431492 -0.458908 -0.488452 -0.520007 -0.553448 -0.588644 -0.625455 -0.663737 -0.703338 -0.744102 -0.785868 -0.828472 -0.871744 -0.915515 -0.959612 -1.003860 -1.048086 -1.092113 -1.135770 -1.178883 -1.221282 -1.262800 -1.303273 -1.342541 -1.380450 -1.416849 -1.451596 -1.484552 -1.515588 -1.544582 -1.571419 -1.595993 -1.618207 -1.637974 -1.655214 -1.669862 -1.681858 -1.691155 -1.697716 -1.701516 -1.702540 -1.700784 -1.696254 -1.688968 -1.678956 -1.666256 -1.650919 -1.633006 -1.612586 -1.589741 -1.564561 -1.537145 -1.507602 -1.476047 -1.442606 -1.407410 -1.370598 -1.332317 -1.292716 -1.251951 -1.210185 -1.167582 -1.124309 -1.080538 -1.036441 -0.992193 -0.947968 -0.903940 -0.860284 -0.817171 -0.774772 -0.733254 -0.692781 -0.653513 -0.615604 -0.579204 -0.544458 -0.511501 -0.480465 -0.451471 -0.424634 -0.400060 -0.377846 -0.358080 -0.340839 -0.326192 -0.314196 -0.304899 -0.298337 -0.294537 -0.293513 -0.295270
-0.300000 -0.301381 -0.305520 -0.312399 -0.321992 -0.334260 -0.349156 -0.366621 -0.386585 -0.408970 -0.433688 -0.460641 -0.489722 -0.520817 -0.553803 -0.588550 -0.624921 -0.662772 -0.701954 -0.742313 -0.783688 -0.825917 -0.868833 -0.912267 -0.956047 -1.000000 -1.043953 -1.087733 -1.131167 -1.174083 -1.216312 -1.257687 -1.298046 -1.337228 -1.375079 -1.411450 -1.446197 -1.479183 -1.510278 -1.539359 -1.566312 -1.591030 -1.613415 -1.633379 -1.650844 -1.665740 -1.678008 -1.687601 -1.694480 -1.698619 -1.700000 -1.698619 -1.694480 -1.687601 -1.678008 -1.665740 -1.650844 -1.633379 -1.613415 -1.591030 -1.566312 -1.539359 -1.510278 -1.479183 -1.446197 -1.411450 -1.375079 -1.337228 -1.298046 -1.257687 -1.216312 -1.174083 -1.131167 -1.087733 -1.043953 -1.000000 -0.956047 -0.912267 -0.868833 -0.825917 -0.783688 -0.742313 -0.701954 -0.662772 -0.624921 -0.588550 -0.553803 -0.520817 -0.489722 -0.460641 -0.433688 -0.408970 -0.386585 -0.366621 -0.349156 -0.334260 -0.321992 -0.312399 -0.305520 -0.301381
-0.299800 -0.295270 -0.293513 -0.294537 -0.298337 -0.304899 -0.314196 -0.326192 -0.340839 -0.358080 -0.377846 -0.400060 -0.424634 -0.451471 -0.480465 -0.511501 -0.544458 -0.579204 -0.615604 -0.653513 -0.692781 -0.733254 -0.774772 -0.817171 -0.860284 -0.903940 -0.947968 -0.992193 -1.036441 -1.080538 -1.124309 -1.167582 -1.210185 -1.251951 -1.292716 -1.332317 -1.370598 -1.407410 -1.442606 -1.476047 -1.507602 -1.537145 -1.564561 -1.589741 -1.612586 -1.633006 -1.650919 -1.666256 -1.678956 -1.688968 -1.696254 -1.700784 -1.702540 -1.701516 -1.697716 -1.691155 -1.681858 -1.669862 -1.655214 -1.637974 -1.618207 -1.595993 -1.571419 -1.544582 -1.515588 -1.484552 -1.451596 -1.416849 -1.380450 -1.342541 -1.303273 -1.262800 -1.221282 -1.178883 -1.135770 -1.092113 -1.048086 -1.003860 -0.959612 -0.915515 -0.871744 -0.828472 -0.785868 -0.744102 -0.703338 -0.663737 -0.625455 -0.588644 -0.553448 -0.520007 -0.488452 -0.458908 -0.431492 -0.406312 -0.383467 -0.363048 -0.345134 -0.329797 -0.317097 -0.307085
-0.299162 -0.288774 -0.281162 -0.276356 -0.274375 -0.275226 -0.278907 -0.285402 -0.294687 -0.306723 -0.321465 -0.338854 -0.358820 -0.381286 -0.406163 -0.433352 -0.462746 -0.494229 -0.527678 -0.562959 -0.599934 -0.638457 -0.678375 -0.719532 -0.761764 -0.804905 -0.848786 -0.893232 -0.938068 -0.983117 -1.028202 -1.073145 -1.117768 -1.161895 -1.205352 -1.247967 -1.289572 -1.330004 -1.369102 -1.406712 -1.442687 -1.476883 -1.509165 -1.539407 -1.567490 -1.593301 -1.616740 -1.637714 -1.656140 -1.671945 -1.685068 -1.695455 -1.703067 -1.707873 -1.709854 -1.709003 -1.705322 -1.698827 -1.689543 -1.677506 -1.662764 -1.645376 -1.625409 -1.602943 -1.578067 -1.550878 -1.521483 -1.490000 -1.456552 -1.421270 -1.384295 -1.345773 -1.305854 -1.264698 -1.222465 -1.179324 -1.135444 -1.090998 -1.046161 -1.001112 -0.956027 -0.911084 -0.866462 -0.822335 -0.778878 -0.736263 -0.694657 -0.654225 -0.615127 -0.577517 -0.541543 -0.507347 -0.475064 -0.444822 -0.416740 -0.390928 -0.367489 -0.346515 -0.328089 -0.312284
-0.297978 -0.281846 -0.268479 -0.257929 -0.250237 -0.245435 -0.243540 -0.244561 -0.248494 -0.255322 -0.265020 -0.277548 -0.292858 -0.310888 -0.331568 -0.354816 -0.380541 -0.408640 -0.439003 -0.471511 -0.506034 -0.542437 -0.580575 -0.620299 -0.661452 -0.703871 -0.747388 -0.791833 -0.837029 -0.882798 -0.928960 -0.975333 -1.021733 -1.067977 -1.113884 -1.159270 -1.203959 -1.247772 -1.290538 -1.332087 -1.372256 -1.410886 -1.447824 -1.482925 -1.516050 -1.547069 -1.575858 -1.602306 -1.626306 -1.647765 -1.666597 -1.682728 -1.696096 -1.706646 -1.714337 -1.719140 -1.721034 -1.720013 -1.716081 -1.709252 -1.699555 -1.687026 -1.671717 -1.653686 -1.633006 -1.609758 -1.584034 -1.555934 -1.525571 -1.493064 -1.458541 -1.422138 -1.383999 -1.344275 -1.303123 -1.260704 -1.217186 -1.172742 -1.127546 -1.081776 -1.035614 -0.989241 -0.942841 -0.896597 -0.850691 -0.805304 -0.760616 -0.716802 -0.674036 -0.632487 -0.592318 -0.553689 -0.516751 -0.481650 -0.448524 -0.417506 -0.388716 -0.362269 -0.338269 -0.316810
-0.296069 -0.274365 -0.255401 -0.239252 -0.225981 -0.215641 -0.208273 -0.203905 -0.202555 -0.204228 -0.208917 -0.216605 -0.227260 -0.240841 -0.257294 -0.276554 -0.298546 -0.323181 -0.350364 -0.379987 -0.411932 -0.446074 -0.482279 -0.520403 -0.560295 -0.601799 -0.644750 -0.688979 -0.734312 -0.780570 -0.827569 -0.875125 -0.923049 -0.971154 -1.019248 -1.067142 -1.114648 -1.161577 -1.207744 -1.252967 -1.297068 -1.339873 -1.381212 -1.420923 -1.458849 -1.494840 -1.528754 -1.560457 -1.589824 -1.616740 -1.641098 -1.662801 -1.681765 -1.697914 -1.711185 -1.721525 -1.728894 -1.733262 -1.734612 -1.732939 -1.728249 -1.720562 -1.709906 -1.696325 -1.679872 -1.660612 -1.638621 -1.613985 -1.586802 -1.557180 -1.525234 -1.491092 -1.454887 -1.416764 -1.376871 -1.335368 -1.292416 -1.248187 -1.202854 -1.156597 -1.109597 -1.062042 -1.014117 -0.966012 -0.917918 -0.870024 -0.822519 -0.775590 -0.729422 -0.684199 -0.640098 -0.597293 -0.555954 -0.516243 -0.478317 -0.442327 -0.408413 -0.376709 -0.347342 -0.320426
-0.293189 -0.266142 -0.241798 -0.220253 -0.201592 -0.185889 -0.173206 -0.163593 -0.157087 -0.153715 -0.153489 -0.156411 -0.162470 -0.171640 -0.183886 -0.199161 -0.217402 -0.238539 -0.262488 -0.289154 -0.318433 -0.350208 -0.384354 -0.420738 -0.459213 -0.499631 -0.541829 -0.585643 -0.630899 -0.677418 -0.725017 -0.773508 -0.822700 -0.872399 -0.922408 -0.972530 -1.022567 -1.072322 -1.121599 -1.170202 -1.217941 -1.264626 -1.310074 -1.354105 -1.396545 -1.437227 -1.475991 -1.512682 -1.547158 -1.579280 -1.608924 -1.635971 -1.660315 -1.681860 -1.700521 -1.716224 -1.728907 -1.738520 -1.745026 -1.748398 -1.748624 -1.745702 -1.739643 -1.730473 -1.718227 -1.702952 -1.684711 -1.663574 -1.639625 -1.612959 -1.583680 -1.551905 -1.517759 -1.481376 -1.442900 -1.402483 -1.360284 -1.316470 -1.271214 -1.224695 -1.177096 -1.128605 -1.079413 -1.029714 -0.979705 -0.929583 -0.879546 -0.829791 -0.780514 -0.731911 -0.684172 -0.637487 -0.592039 -0.548008 -0.505568 -0.464886 -0.426122 -0.389431 -0.354955 -0.322833
-0.289033 -0.256923 -0.227470 -0.200788 -0.176983 -0.156148 -0.138367 -0.123710 -0.112233 -0.103983 -0.098992 -0.097280 -0.098853 -0.103706 -0.111819 -0.123159 -0.137683 -0.155333 -0.176040 -0.199721 -0.226283 -0.255622 -0.287621 -0.322155 -0.359087 -0.398270 -0.439552 -0.482768 -0.527748 -0.574315 -0.622285 -0.671468 -0.721671 -0.772695 -0.824339 -0.876399 -0.928670 -0.980945 -1.033018 -1.084683 -1.135738 -1.185979 -1.235210 -1.283235 -1.329865 -1.374916 -1.418210 -1.459577 -1.498853 -1.535882 -1.570520 -1.602630 -1.632083 -1.658765 -1.682570 -1.703405 -1.721186 -1.735843 -1.747320 -1.755570 -1.760561 -1.762273 -1.760700 -1.755847 -1.747734 -1.736394 -1.721870 -1.704220 -1.683513 -1.659832 -1.633270 -1.603931 -1.571932 -1.537398 -1.500466 -1.461283 -1.420001 -1.376785 -1.331805 -1.285238 -1.237268 -1.188085 -1.137882 -1.086858 -1.035214 -0.983154 -0.930883 -0.878608 -0.826535 -0.774870 -0.723815 -0.673574 -0.624343 -0.576318 -0.529688 -0.484637 -0.441343 -0.399976 -0.360700 -0.323670
-0.283236 -0.246396 -0.212154 -0.180646 -0.151996 -0.126317 -0.103711 -0.084266 -0.068059 -0.055155 -0.045604 -0.039444 -0.036700 -0.037381 -0.041486 -0.048998 -0.059888 -0.074112 -0.091614 -0.112327 -0.136166 -0.163039 -0.192840 -0.225451 -0.260743 -0.298576 -0.338803 -0.381263 -0.425789 -0.472206 -0.520330 -0.569972 -0.620935 -0.673019 -0.726018 -0.779722 -0.833920 -0.888397 -0.942940 -0.997332 -1.051359 -1.104808 -1.157468 -1.209130 -1.259592 -1.308653 -1.356121 -1.401808 -1.445533 -1.487124 -1.526418 -1.563258 -1.597500 -1.629008 -1.657658 -1.683337 -1.705943 -1.725388 -1.741595 -1.754499 -1.764050 -1.770210 -1.772954 -1.772273 -1.768168 -1.760656 -1.749766 -1.735542 -1.718040 -1.697328 -1.673488 -1.646615 -1.616814 -1.584203 -1.548912 -1.511078 -1.470852 -1.428391 -1.383865 -1.337448 -1.289324 -1.239682 -1.188719 -1.136635 -1.083637 -1.029932 -0.975735 -0.921257 -0.866714 -0.812322 -0.758295 -0.704846 -0.652187 -0.600524 -0.550062 -0.501001 -0.453533 -0.407847 -0.364121 -0.322530
-0.275391 -0.234195 -0.195534 -0.159560 -0.126414 -0.096228 -0.069120 -0.045198 -0.024556 -0.007276 0.006575 0.016942 0.023783 0.027072 0.026796 0.022956 0.015567 0.004658 -0.009728 -0.027534 -0.048690 -0.073111 -0.100703 -0.131355 -0.164948 -0.201348 -0.240412 -0.281985 -0.325904 -0.371995 -0.420076 -0.469958 -0.521443 -0.574329 -0.628407 -0.683463 -0.739280 -0.795638 -0.852315 -0.909086 -0.965727 -1.022016 -1.077730 -1.132648 -1.186555 -1.239238 -1.290488 -1.340104 -1.387890 -1.433656 -1.477223 -1.518418 -1.557079 -1.593054 -1.626199 -1.656386 -1.683493 -1.707415 -1.728057 -1.745338 -1.759189 -1.769555 -1.776397 -1.779686 -1.779410 -1.775569 -1.768180 -1.757271 -1.742885 -1.725079 -1.703924 -1.679502 -1.651910 -1.621258 -1.587665 -1.551265 -1.512202 -1.470628 -1.426710 -1.380619 -1.332537 -1.282655 -1.231170 -1.178284 -1.124206 -1.069150 -1.013333 -0.956975 -0.900299 -0.843528 -0.786886 -0.730597 -0.674884 -0.619965 -0.566058 -0.513375 -0.462125 -0.412509 -0.364724 -0.318957
-0.265046 -0.219912 -0.177242 -0.137205 -0.099958 -0.065649 -0.034414 -0.006374 0.018358 0.039686 0.057525 0.071804 0.082468 0.089475 0.092796 0.092419 0.088345 0.080590 0.069185 0.054174 0.035618 0.013589 -0.011826 -0.040527 -0.072399 -0.107318 -0.145146 -0.185733 -0.228919 -0.274534 -0.322398 -0.372322 -0.424108 -0.477553 -0.532445 -0.588568 -0.645701 -0.703617 -0.762089 -0.820885 -0.879774 -0.938523 -0.996900 -1.054675 -1.111620 -1.167510 -1.222124 -1.275248 -1.326670 -1.376190 -1.423610 -1.468744 -1.511414 -1.551451 -1.588698 -1.623006 -1.654242 -1.682282 -1.707014 -1.728342 -1.746180 -1.760460 -1.771124 -1.778131 -1.781452 -1.781075 -1.777001 -1.769246 -1.757840 -1.742830 -1.724274 -1.702245 -1.676830 -1.648129 -1.616257 -1.581338 -1.543510 -1.502923 -1.459736 -1.414121 -1.366258 -1.316334 -1.264548 -1.211103 -1.156211 -1.100088 -1.042955 -0.985039 -0.926567 -0.867771 -0.808882 -0.750133 -0.691756 -0.633981 -0.577036 -0.521146 -0.466532 -0.413408 -0.361985 -0.312466
-0.251722 -0.203100 -0.156869 -0.113211 -0.072300 -0.034296 0.000650 0.032401 0.060832 0.085829 0.107295 0.125144 0.139307 0.149728 0.156364 0.159191 0.158196 0.153385 0.144775 0.132401 0.116312 0.096571 0.073256 0.046459 0.016286 -0.017145 -0.053700 -0.093236 -0.135598 -0.180616 -0.228115 -0.277907 -0.329794 -0.383573 -0.439031 -0.495949 -0.554102 -0.613262 -0.673194 -0.733662 -0.794427 -0.855250 -0.915891 -0.976110 -1.035669 -1.094334 -1.151873 -1.208059 -1.262670 -1.315490 -1.366312 -1.414934 -1.461165 -1.504823 -1.545734 -1.583738 -1.618684 -1.650435 -1.678866 -1.703863 -1.725329 -1.743178 -1.757341 -1.767762 -1.774398 -1.777225 -1.776230 -1.771419 -1.762809 -1.750435 -1.734346 -1.714605 -1.691290 -1.664493 -1.634320 -1.600889 -1.564334 -1.524798 -1.482436 -1.437418 -1.389919 -1.340127 -1.288240 -1.234461 -1.179003 -1.122085 -1.063932 -1.004772 -0.944840 -0.884372 -0.823607 -0.762784 -0.702143 -0.641924 -0.582365 -0.523700 -0.466161 -0.409975 -0.355364 -0.302544
-0.234920 -0.183289 -0.133975 -0.087173 -0.043068 -0.001834 0.036366 0.071382 0.103076 0.131322 0.156008 0.177038 0.194329 0.207812 0.217433 0.223156 0.224957 0.222830 0.216782 0.206838 0.193037 0.175433 0.154096 0.129109 0.100573 0.068598 0.033312 -0.005146 -0.046625 -0.090960 -0.137978 -0.187492 -0.239307 -0.293218 -0.349013 -0.406471 -0.465367 -0.525466 -0.586532 -0.648325 -0.710600 -0.773111 -0.835612 -0.897856 -0.959598 -1.020593 -1.080601 -1.139386 -1.196715 -1.252361 -1.306106 -1.357738 -1.407052 -1.453854 -1.497958 -1.539192 -1.577393 -1.612409 -1.644102 -1.672348 -1.697035 -1.718065 -1.735355 -1.748838 -1.758460 -1.764183 -1.765984 -1.763856 -1.757809 -1.747865 -1.734063 -1.716459 -1.695122 -1.670136 -1.641599 -1.609625 -1.574339 -1.535881 -1.494402 -1.450066 -1.403048 -1.353535 -1.301720 -1.247808 -1.192013 -1.134555 -1.075660 -1.015561 -0.954494 -0.892701 -0.830427 -0.767915 -0.705414 -0.643170 -0.581429 -0.520434 -0.460425 -0.401641 -0.344312 -0.288665
-0.214130 -0.159992 -0.108098 -0.058655 -0.011857 0.032110 0.073074 0.110873 0.145357 0.176390 0.203851 0.227630 0.247634 0.263784 0.276016 0.284281 0.288548 0.288799 0.285033 0.277266 0.265527 0.249864 0.230337 0.207025 0.180019 0.149425 0.115365 0.077972 0.037395 -0.006206 -0.052660 -0.101783 -0.153382 -0.207252 -0.263180 -0.320948 -0.380325 -0.441078 -0.502968 -0.565749 -0.629175 -0.692994 -0.756955 -0.820806 -0.884295 -0.947170 -1.009185 -1.070093 -1.129655 -1.187636 -1.243807 -1.297946 -1.349839 -1.399282 -1.446080 -1.490047 -1.531011 -1.568810 -1.603294 -1.634328 -1.661788 -1.685567 -1.705571 -1.721721 -1.733953 -1.742218 -1.746485 -1.746736 -1.742970 -1.735203 -1.723464 -1.707801 -1.688275 -1.664962 -1.637956 -1.607362 -1.573302 -1.535910 -1.495332 -1.451731 -1.405277 -1.356154 -1.304556 -1.250686 -1.194757 -1.136990 -1.077612 -1.016859 -0.954970 -0.892188 -0.828763 -0.764943 -0.700982 -0.637131 -0.573642 -0.510767 -0.448753 -0.387844 -0.328282 -0.270301
-0.188846 -0.132717 -0.078766 -0.027205 0.021761 0.067940 0.111149 0.151218 0.187988 0.221315 0.251067 0.277127 0.299391 0.317772 0.332198 0.342610 0.348969 0.351250 0.349442 0.343554 0.333608 0.319644 0.301717 0.279898 0.254272 0.224942 0.192022 0.155642 0.115947 0.073093 0.027248 -0.021406 -0.072676 -0.126362 -0.182250 -0.240121 -0.299746 -0.360889 -0.423310 -0.486761 -0.550993 -0.615753 -0.680784 -0.745829 -0.810633 -0.874939 -0.938494 -1.001047 -1.062350 -1.122163 -1.180248 -1.236377 -1.290328 -1.341889 -1.390855 -1.437034 -1.480243 -1.520312 -1.557083 -1.590410 -1.620162 -1.646221 -1.668485 -1.686866 -1.701292 -1.711705 -1.718064 -1.720344 -1.718536 -1.712648 -1.702702 -1.688738 -1.670811 -1.648992 -1.623366 -1.594036 -1.561116 -1.524736 -1.485041 -1.442187 -1.396342 -1.347689 -1.296418 -1.242732 -1.186844 -1.128973 -1.069349 -1.008205 -0.945785 -0.882333 -0.818101 -0.753341 -0.688311 -0.623265 -0.558461 -0.494155 -0.430600 -0.368048 -0.306744 -0.246932
-0.158573 -0.100980 -0.045504 0.007636 0.058230 0.106079 0.150993 0.192796 0.231323 0.266420 0.297951 0.325791 0.349829 0.369970 0.386137 0.398263 0.406302 0.410222 0.410008 0.405659 0.397194 0.384646 0.368065 0.347515 0.323078 0.294850 0.262943 0.227483 0.188609 0.146476 0.101248 0.053106 0.002238 -0.051154 -0.106860 -0.164660 -0.224325 -0.285621 -0.348306 -0.412131 -0.476845 -0.542194 -0.607918 -0.673758 -0.739455 -0.804749 -0.869384 -0.933102 -0.995654 -1.056792 -1.116275 -1.173868 -1.229344 -1.282484 -1.333078 -1.380927 -1.425841 -1.467644 -1.506171 -1.541268 -1.572799 -1.600639 -1.624677 -1.644818 -1.660984 -1.673111 -1.681150 -1.685070 -1.684856 -1.680507 -1.672042 -1.659494 -1.642913 -1.622363 -1.597926 -1.569698 -1.537791 -1.502331 -1.463457 -1.421324 -1.376096 -1.327954 -1.277086 -1.223694 -1.167988 -1.110188 -1.050523 -0.989227 -0.926542 -0.862717 -0.798003 -0.732654 -0.666930 -0.601090 -0.535393 -0.470098 -0.405464 -0.341746 -0.279194 -0.218056
-0.122842 -0.064313 -0.007851 0.046323 0.097995 0.146959 0.193025 0.236008 0.275741 0.312065 0.344839 0.373931 0.399228 0.420630 0.438052 0.451426 0.460698 0.465833 0.466809 0.463623 0.456288 0.444833 0.429302 0.409757 0.386275 0.358949 0.327887 0.293211 0.255058 0.213579 0.168937 0.121309 0.070882 0.017856 -0.037560 -0.095148 -0.154680 -0.215921 -0.278630 -0.342559 -0.407456 -0.473064 -0.539126 -0.605379 -0.671563 -0.737416 -0.802678 -0.867093 -0.930405 -0.992365 -1.052729 -1.111257 -1.167720 -1.221894 -1.273565 -1.322530 -1.368595 -1.411579 -1.451311 -1.487636 -1.520409 -1.549502 -1.574799 -1.596201 -1.613623 -1.626997 -1.636269 -1.641403 -1.642380 -1.639194 -1.631859 -1.620403 -1.604872 -1.585327 -1.561846 -1.534520 -1.503458 -1.468782 -1.430629 -1.389150 -1.344508 -1.296880 -1.246453 -1.193427 -1.138010 -1.080423 -1.020891 -0.959649 -0.896940 -0.833011 -0.768115 -0.702506 -0.636445 -0.570192 -0.504008 -0.438155 -0.372892 -0.308478 -0.245165 -0.183205
-0.081217 -0.022277 0.034636 0.089297 0.141492 0.191014 0.237667 0.281267 0.321643 0.358634 0.392096 0.421896 0.447916 0.470053 0.488221 0.502347 0.512376 0.518269 0.520001 0.517566 0.510974 0.500251 0.485439 0.466597 0.443798 0.417134 0.386708 0.352642 0.315069 0.274138 0.230010 0.182860 0.132874 0.080249 0.025192 -0.032078 -0.091337 -0.152350 -0.214877 -0.278670 -0.343478 -0.409045 -0.475112 -0.541419 -0.607704 -0.673705 -0.739162 -0.803817 -0.867414 -0.929702 -0.990436 -1.049376 -1.106289 -1.160951 -1.213146 -1.262667 -1.309320 -1.352921 -1.393296 -1.430288 -1.463750 -1.493549 -1.519569 -1.541707 -1.559874 -1.574001 -1.584030 -1.589922 -1.591654 -1.589220 -1.582628 -1.571905 -1.557093 -1.538250 -1.515452 -1.488787 -1.458362 -1.424295 -1.386722 -1.345791 -1.301664 -1.254514 -1.204528 -1.151903 -1.096846 -1.039575 -0.980316 -0.919303 -0.856777 -0.792984 -0.728176 -0.662609 -0.596542 -0.530235 -0.463950 -0.397948 -0.332491 -0.267837 -0.204240 -0.141951
-0.033312 0.025526 0.082362 0.136972 0.189140 0.238660 0.285337 0.328987 0.369437 0.406528 0.440113 0.470060 0.496250 0.518581 0.536964 0.551327 0.561612 0.567780 0.569806 0.567682 0.561416 0.551033 0.536574 0.518097 0.495673 0.469392 0.439357 0.405687 0.368515 0.327987 0.284264 0.237517 0.187932 0.135703 0.081038 0.024152 -0.034731 -0.095378 -0.157549 -0.221001 -0.285481 -0.350736 -0.416508 -0.482538 -0.548564 -0.614327 -0.679566 -0.744025 -0.807449 -0.869588 -0.930195 -0.989033 -1.045869 -1.100479 -1.152647 -1.202167 -1.248844 -1.292494 -1.332944 -1.370035 -1.403620 -1.433567 -1.459758 -1.482089 -1.500472 -1.514834 -1.525120 -1.531288 -1.533313 -1.531189 -1.524923 -1.514540 -1.500082 -1.481604 -1.459181 -1.432900 -1.402865 -1.369195 -1.332023 -1.291495 -1.247771 -1.201024 -1.151439 -1.099211 -1.044546 -0.987659 -0.928777 -0.868130 -0.805958 -0.742507 -0.678026 -0.612771 -0.546999 -0.480970 -0.414943 -0.349180 -0.283941 -0.219482 -0.156058 -0.093920
0.021206 0.079446 0.135693 0.189724 0.241325 0.290294 0.336437 0.379572 0.419528 0.456149 0.489288 0.518817 0.544617 0.566588 0.584643 0.598709 0.608733 0.614674 0.616509 0.614230 0.607846 0.597384 0.582884 0.564402 0.542013 0.515805 0.485881 0.452358 0.415370 0.375063 0.331595 0.285137 0.235875 0.184001 0.129720 0.073247 0.014805 -0.045376 -0.107058 -0.169999 -0.233948 -0.298655 -0.363863 -0.429316 -0.494755 -0.559922 -0.624559 -0.688412 -0.751228 -0.812760 -0.872764 -0.931005 -0.987251 -1.041282 -1.092884 -1.141853 -1.187996 -1.231130 -1.271087 -1.307707 -1.340847 -1.370375 -1.396176 -1.418147 -1.436201 -1.450268 -1.460292 -1.466232 -1.468067 -1.465788 -1.459405 -1.448943 -1.434442 -1.415961 -1.393572 -1.367364 -1.337439 -1.303917 -1.266929 -1.226621 -1.183153 -1.136696 -1.087433 -1.035559 -0.981279 -0.924806 -0.866364 -0.806182 -0.744500 -0.681560 -0.617610 -0.552904 -0.487695 -0.422242 -0.356804 -0.291637 -0.227000 -0.163147 -0.100331 -0.038799
0.082601 0.139771 0.194938 0.247882 0.298395 0.346277 0.391340 0.433406 0.472309 0.507894 0.540023 0.568567 0.593415 0.614468 0.631643 0.644873 0.654104 0.659302 0.660445 0.657528 0.650563 0.639579 0.624617 0.605737 0.583014 0.556538 0.526412 0.492756 0.455702 0.415397 0.372000 0.325682 0.276625 0.225025 0.171083 0.115013 0.057037 -0.002617 -0.063714 -0.126012 -0.189266 -0.253226 -0.317639 -0.382251 -0.446807 -0.511053 -0.574735 -0.637602 -0.699405 -0.759900 -0.818850 -0.876021 -0.931187 -0.984131 -1.034644 -1.082526 -1.127589 -1.169655 -1.208558 -1.244143 -1.276272 -1.304816 -1.329664 -1.350717 -1.367892 -1.381122 -1.390354 -1.395551 -1.396694 -1.393777 -1.386813 -1.375828 -1.360866 -1.341987 -1.319264 -1.292787 -1.262661 -1.229005 -1.191951 -1.151646 -1.108249 -1.061931 -1.012875 -0.961274 -0.907332 -0.851262 -0.793286 -0.733632 -0.672535 -0.610237 -0.546983 -0.483023 -0.418610 -0.353998 -0.289442 -0.225196 -0.161514 -0.098647 -0.036844 0.023651
0.151064 0.206722 0.260343 0.311718 0.360643 0.406925 0.450382 0.490842 0.528145 0.562144 0.592705 0.619707 0.643045 0.662624 0.678370 0.690218 0.698123 0.702053 0.701993 0.697943 0.689919 0.677952 0.662091 0.642397 0.618948 0.591837 0.561170 0.527070 0.489669 0.449117 0.405573 0.359208 0.310207 0.258761 0.205075 0.149360 0.091836 0.032730 -0.027725 -0.089290 -0.151722 -0.214775 -0.278200 -0.341746 -0.405163 -0.468201 -0.530611 -0.592146 -0.652564 -0.711625 -0.769098 -0.824756 -0.878377 -0.929752 -0.978677 -1.024959 -1.068416 -1.108876 -1.146179 -1.180178 -1.210739 -1.237741 -1.261079 -1.280658 -1.296404 -1.308252 -1.316157 -1.320087 -1.320027 -1.315977 -1.307953 -1.295986 -1.280125 -1.260431 -1.236982 -1.209871 -1.179204 -1.145104 -1.107703 -1.067151 -1.023607 -0.977242 -0.928241 -0.876795 -0.823109 -0.767394 -0.709870 -0.650764 -0.590309 -0.528744 -0.466312 -0.403259 -0.339834 -0.276288 -0.212871 -0.149833 -0.087423 -0.025888 0.034530 0.093591
0.226705 0.280439 0.332085 0.381439 0.428306 0.472501 0.513850 0.552190 0.587369 0.619248 0.647703 0.672619 0.693900 0.711460 0.725231 0.735159 0.741204 0.743342 0.741565 0.735880 0.726309 0.712891 0.695677 0.674737 0.650152 0.622020 0.590451 0.555571 0.517517 0.476439 0.432499 0.385871 0.336739 0.285296 0.231746 0.176299 0.119176 0.060600 0.000804 -0.059976 -0.121502 -0.183529 -0.245814 -0.308109 -0.370171 -0.431753 -0.492612 -0.552509 -0.611207 -0.668474 -0.724084 -0.777819 -0.829465 -0.878818 -0.925686 -0.969881 -1.011230 -1.049570 -1.084749 -1.116628 -1.145082 -1.169999 -1.191279 -1.208840 -1.222611 -1.232539 -1.238583 -1.240722 -1.238945 -1.233260 -1.223689 -1.210270 -1.193057 -1.172116 -1.147532 -1.119400 -1.087831 -1.052951 -1.014897 -0.973819 -0.929879 -0.883251 -0.834118 -0.782676 -0.729125 -0.673679 -0.616555 -0.557980 -0.498184 -0.437403 -0.375878 -0.313851 -0.251566 -0.189270 -0.127209 -0.065627 -0.004768 0.055129 0.113827 0.171094
0.309541 0.360981 0.410257 0.457175 0.501548 0.543203 0.581975 0.617710 0.650268 0.679520 0.705350 0.727658 0.746354 0.761366 0.772633 0.780111 0.783771 0.783598 0.779594 0.771773 0.760167 0.744821 0.725796 0.703167 0.677024 0.647470 0.614620 0.578606 0.539568 0.497662 0.453052 0.405914 0.356435 0.304810 0.251242 0.195944 0.139132 0.081032 0.021873 -0.038113 -0.098687 -0.159611 -0.220645 -0.281548 -0.342079 -0.402000 -0.461073 -0.519066 -0.575751 -0.630903 -0.684304 -0.735744 -0.785020 -0.831937 -0.876311 -0.917966 -0.956737 -0.992472 -1.025030 -1.054282 -1.080113 -1.102421 -1.121117 -1.136128 -1.147395 -1.154874 -1.158534 -1.158361 -1.154356 -1.146535 -1.134929 -1.119583 -1.100559 -1.077930 -1.051787 -1.022232 -0.989383 -0.953368 -0.914331 -0.872424 -0.827814 -0.780677 -0.731198 -0.679572 -0.626005 -0.570706 -0.513895 -0.455795 -0.396635 -0.336650 -0.276076 -0.215151 -0.154117 -0.093215 -0.032684 0.027237 0.086310 0.144304 0.200988 0.256140
0.399500 0.448318 0.494871 0.538977 0.580461 0.619159 0.654919 0.687600 0.717073 0.743221 0.765942 0.785145 0.800754 0.812709 0.820962 0.825480 0.826246 0.823256 0.816523 0.806073 0.791946 0.774200 0.752904 0.728142 0.700011 0.668623 0.634102 0.596583 0.556216 0.513159 0.467582 0.419665 0.369597 0.317575 0.263806 0.208501 0.151879 0.094163 0.035580 -0.023638 -0.083257 -0.143042 -0.202757 -0.262167 -0.321036 -0.379134 -0.436229 -0.492098 -0.546519 -0.599278 -0.650167 -0.698984 -0.745537 -0.789643 -0.831127 -0.869825 -0.905586 -0.938267 -0.967740 -0.993888 -1.016608 -1.035811 -1.051421 -1.063376 -1.071628 -1.076147 -1.076913 -1.073923 -1.067190 -1.056739 -1.042613 -1.024867 -1.003570 -0.978808 -0.950677 -0.919289 -0.884768 -0.847250 -0.806882 -0.763825 -0.718248 -0.670331 -0.620263 -0.568242 -0.514473 -0.459168 -0.402546 -0.344829 -0.286247 -0.227029 -0.167410 -0.107625 -0.047909 0.011500 0.070370 0.128467 0.185563 0.241431 0.295853 0.348612
0.496410 0.542321 0.585844 0.626807 0.665049 0.700418 0.732775 0.761993 0.787955 0.810560 0.829718 0.845354 0.857405 0.865825 0.870581 0.871653 0.869036 0.862743 0.852797 0.839237 0.822117 0.801506 0.777483 0.750144 0.719596 0.685961 0.649371 0.609971 0.567915 0.523370 0.476512 0.427526 0.376604 0.323949 0.269767 0.214273 0.157685 0.100227 0.042126 -0.016390 -0.075088 -0.133738 -0.192108 -0.249967 -0.307088 -0.363245 -0.418216 -0.471784 -0.523738 -0.573873 -0.621991 -0.667902 -0.711425 -0.752388 -0.790630 -0.825999 -0.858356 -0.887574 -0.913536 -0.936141 -0.955299 -0.970935 -0.982986 -0.991406 -0.996162 -0.997234 -0.994617 -0.988324 -0.978378 -0.964818 -0.947699 -0.927087 -0.903064 -0.875725 -0.845178 -0.811543 -0.774953 -0.735552 -0.693496 -0.648952 -0.602093 -0.553107 -0.502185 -0.449530 -0.395348 -0.339854 -0.283266 -0.225808 -0.167707 -0.109191 -0.050493 0.008157 0.066527 0.124386 0.181507 0.237664 0.292635 0.346203 0.398157 0.448292
0.600000 0.642769 0.683002 0.720539 0.755233 0.786946 0.815553 0.840942 0.863012 0.881676 0.896860 0.908505 0.916564 0.921006 0.921814 0.918983 0.912526 0.902467 0.888847 0.871718 0.851150 0.827222 0.800030 0.769680 0.736293 0.700000 0.660944 0.619280 0.575172 0.528794 0.480329 0.429969 0.377911 0.324362 0.269533 0.213641 0.156905 0.099550 0.041802 -0.016111 -0.073961 -0.131518 -0.188556 -0.244851 -0.300179 -0.354322 -0.407067 -0.458205 -0.507536 -0.554863 -0.600000 -0.642769 -0.683002 -0.720539 -0.755233 -0.786946 -0.815553 -0.840942 -0.863012 -0.881676 -0.896860 -0.908505 -0.916564 -0.921006 -0.921814 -0.918983 -0.912526 -0.902467 -0.888847 -0.871718 -0.851150 -0.827222 -0.800030 -0.769680 -0.736293 -0.700000 -0.660944 -0.619280 -0.575172 -0.528794 -0.480329 -0.429969 -0.377911 -0.324362 -0.269533 -0.213641 -0.156905 -0.099550 -0.041802 0.016111 0.073961 0.131518 0.188556 0.244851 0.300179 0.354322 0.407067 0.458205 0.507536 0.554863
0.709898 0.749340 0.786072 0.819950 0.850840 0.878619 0.903179 0.924423 0.942265 0.956637 0.967482 0.974756 0.978430 0.978492 0.974939 0.967786 0.957062 0.942809 0.925083 0.903953 0.879504 0.851832 0.821045 0.787267 0.750629 0.711276 0.669364 0.625058 0.578534 0.529973 0.479570 0.427521 0.374033 0.319316 0.263587 0.207066 0.149975 0.092540 0.034988 -0.022454 -0.079560 -0.136105 -0.191864 -0.246618 -0.300151 -0.352252 -0.402715 -0.451341 -0.497938 -0.542321 -0.584317 -0.623759 -0.660491 -0.694369 -0.725259 -0.753038 -0.777598 -0.798841 -0.816684 -0.831056 -0.841901 -0.849175 -0.852849 -0.852911 -0.849358 -0.842205 -0.831481 -0.817228 -0.799502 -0.778372 -0.753923 -0.726251 -0.695464 -0.661685 -0.625047 -0.585695 -0.543783 -0.499477 -0.452953 -0.404392 -0.353989 -0.301940 -0.248452 -0.193735 -0.138006 -0.081485 -0.024394 0.033041 0.090593 0.148035 0.205141 0.261686 0.317445 0.372199 0.425732 0.477833 0.528296 0.576922 0.623519 0.667902
0.825633 0.861612 0.894685 0.924722 0.951604 0.975225 0.995491 1.012324 1.025656 1.035435 1.041623 1.044194 1.043138 1.038461 1.030180 1.018328 1.002952 0.984112 0.961882 0.936352 0.907621 0.875802 0.841022 0.803417 0.763136 0.720338 0.675191 0.627875 0.578575 0.527487 0.474811 0.420757 0.365536 0.309367 0.252473 0.195076 0.137404 0.079684 0.022145 -0.034987 -0.091487 -0.147130 -0.201699 -0.254977 -0.306754 -0.356825 -0.404994 -0.451070 -0.494871 -0.536224 -0.574967 -0.610946 -0.644019 -0.674055 -0.700937 -0.724558 -0.744825 -0.761658 -0.774990 -0.784769 -0.790956 -0.793527 -0.792472 -0.787795 -0.779514 -0.767661 -0.752285 -0.733445 -0.711216 -0.685685 -0.656954 -0.625135 -0.590355 -0.552750 -0.512469 -0.469671 -0.424525 -0.377208 -0.327909 -0.276820 -0.224145 -0.170090 -0.114870 -0.058701 -0.001806 0.055591 0.113263 0.170982 0.228521 0.285654 0.342153 0.397797 0.452365 0.505643 0.557420 0.607492 0.655660 0.701736 0.745537 0.786891
0.946638 0.979068 1.008375 1.034441 1.057164 1.076455 1.092237 1.104447 1.113039 1.117977 1.119243 1.116831 1.110751 1.101027 1.087697 1.070814 1.050445 1.026669 0.999581 0.969288 0.935909 0.899576 0.860432 0.818632 0.774340 0.727733 0.678992 0.628312 0.575891 0.521937 0.466663 0.410286 0.353030 0.295120 0.236785 0.178255 0.119761 0.061534 0.003803 -0.053203 -0.109259 -0.164145 -0.217644 -0.269544 -0.319641 -0.367737 -0.413642 -0.457175 -0.498164 -0.536448 -0.571875 -0.604306 -0.633612 -0.659678 -0.682401 -0.701692 -0.717474 -0.729685 -0.738276 -0.743215 -0.744480 -0.742069 -0.735989 -0.726265 -0.712935 -0.696052 -0.675682 -0.651907 -0.624819 -0.594525 -0.561146 -0.524813 -0.485669 -0.443869 -0.399578 -0.352970 -0.304230 -0.253549 -0.201128 -0.147174 -0.091900 -0.035524 0.021733 0.079642 0.137978 0.196508 0.255002 0.313229 0.370959 0.427966 0.484022 0.538908 0.592407 0.644307 0.694403 0.742499 0.788404 0.831937 0.872927 0.911210
1.072250 1.101098 1.126581 1.148600 1.167067 1.181910 1.193070 1.200503 1.204180 1.204085 1.200220 1.192600 1.181255 1.166229 1.147582 1.125388 1.099734 1.070721 1.038463 1.003089 0.964738 0.923561 0.879720 0.833389 0.784751 0.733997 0.681327 0.626950 0.571081 0.513939 0.455750 0.396744 0.337154 0.277214 0.217162 0.157235 0.097668 0.038697 -0.019444 -0.076528 -0.132328 -0.186625 -0.239203 -0.289856 -0.338384 -0.384594 -0.428306 -0.469345 -0.507551 -0.542773 -0.574870 -0.603718 -0.629201 -0.651220 -0.669688 -0.684530 -0.695690 -0.703123 -0.706800 -0.706705 -0.702840 -0.695220 -0.683875 -0.668849 -0.650202 -0.628008 -0.602354 -0.573341 -0.541084 -0.505710 -0.467358 -0.426181 -0.382341 -0.336010 -0.287371 -0.236617 -0.183947 -0.129571 -0.073701 -0.016559 0.041630 0.100636 0.160226 0.220166 0.280218 0.340145 0.399712 0.458682 0.516824 0.573908 0.629708 0.684004 0.736583 0.787236 0.835764 0.881974 0.925686 0.966725 1.004931 1.040152
1.201722 1.227000 1.248655 1.266601 1.280768 1.291101 1.297557 1.300112 1.298756 1.293493 1.284346 1.271349 1.254554 1.234028 1.209851 1.182119 1.150941 1.116441 1.078754 1.038029 0.994427 0.948120 0.899291 0.848132 0.794846 0.739642 0.682739 0.624361 0.564739 0.504107 0.442705 0.380776 0.318563 0.256313 0.194271 0.132681 0.071788 0.011831 -0.046954 -0.104333 -0.160081 -0.213978 -0.265811 -0.315375 -0.362475 -0.406925 -0.448550 -0.487185 -0.522677 -0.554887 -0.583688 -0.608966 -0.630621 -0.648567 -0.662734 -0.673067 -0.679523 -0.682078 -0.680722 -0.675460 -0.666312 -0.653315 -0.636520 -0.615994 -0.591817 -0.564085 -0.532907 -0.498407 -0.460720 -0.419995 -0.376393 -0.330086 -0.281257 -0.230098 -0.176812 -0.121608 -0.064705 -0.006327 0.053295 0.113927 0.175329 0.237258 0.299471 0.361721 0.423763 0.485353 0.546246 0.606203 0.664988 0.722367 0.778115 0.832012 0.883845 0.933409 0.980509 1.024959 1.066584 1.105219 1.140711 1.172921
1.334224 1.355991 1.373860 1.387759 1.397635 1.403447 1.405173 1.402807 1.396357 1.385849 1.371325 1.352842 1.330472 1.304305 1.274442 1.241003 1.204119 1.163936 1.120612 1.074318 1.025238 0.973564 0.919500 0.863261 0.805067 0.745149 0.683743 0.621092 0.557442 0.493045 0.428155 0.363028 0.297921 0.233092 0.168795 0.105285 0.042812 -0.018377 -0.078041 -0.135944 -0.191857 -0.245560 -0.296842 -0.345499 -0.391340 -0.434184 -0.473861 -0.510216 -0.543103 -0.572395 -0.597975 -0.619742 -0.637611 -0.651510 -0.661386 -0.667198 -0.668924 -0.666558 -0.660108 -0.649600 -0.635076 -0.616593 -0.594223 -0.568055 -0.538193 -0.504754 -0.467870 -0.427687 -0.384363 -0.338069 -0.288988 -0.237314 -0.183251 -0.127012 -0.068818 -0.008900 0.052506 0.115157 0.178807 0.243204 0.308094 0.373221 0.438328 0.503157 0.567454 0.630964 0.693437 0.754626 0.814290 0.872193 0.928106 0.981810 1.033091 1.081748 1.127589 1.170433 1.210110 1.246465 1.279353 1.308644
1.468855 1.487215 1.501385 1.511311 1.516952 1.518288 1.515311 1.508035 1.496487 1.480714 1.460778 1.436757 1.408746 1.376855 1.341211 1.301955 1.259240 1.213237 1.164125 1.112100 1.057366 1.000139 0.940646 0.879121 0.815807 0.750953 0.684816 0.617657 0.549740 0.481335 0.412710 0.344136 0.275885 0.208225 0.141424 0.075746 0.011448 -0.051214 -0.111994 -0.170651 -0.226955 -0.280682 -0.331621 -0.379572 -0.424344 -0.465761 -0.503659 -0.537889 -0.568317 -0.594821 -0.617297 -0.635656 -0.649827 -0.659752 -0.665394 -0.666729 -0.663753 -0.656476 -0.644929 -0.629156 -0.609219 -0.585198 -0.557187 -0.525297 -0.489653 -0.450396 -0.407682 -0.361678 -0.312567 -0.260541 -0.205807 -0.148581 -0.089088 -0.027562 0.035752 0.100606 0.166743 0.233902 0.301818 0.370224 0.438849 0.507422 0.575674 0.643333 0.710134 0.775813 0.840110 0.902773 0.963552 1.022210 1.078513 1.132241 1.183180 1.231130 1.275902 1.317319 1.355218 1.389448 1.419875 1.446379
1.604651 1.619745 1.630348 1.636419 1.637932 1.634883 1.627283 1.615161 1.598567 1.577565 1.552239 1.522688 1.489029 1.451394 1.409933 1.364809 1.316199 1.264297 1.209306 1.151444 1.090938 1.028029 0.962964 0.896000 0.827400 0.757437 0.686386 0.614527 0.542144 0.469523 0.396950 0.324712 0.253093 0.182377 0.112843 0.044764 -0.021590 -0.085957 -0.148085 -0.207726 -0.264646 -0.318621 -0.369437 -0.416893 -0.460804 -0.500994 -0.537306 -0.569596 -0.597736 -0.621617 -0.641143 -0.656238 -0.666841 -0.672912 -0.674425 -0.671376 -0.663775 -0.651654 -0.635060 -0.614058 -0.588732 -0.559181 -0.525521 -0.487887 -0.446426 -0.401301 -0.352692 -0.300789 -0.245798 -0.187936 -0.127431 -0.064522 0.000543 0.067508 0.136107 0.206070 0.277121 0.348980 0.421363 0.493984 0.566557 0.638796 0.710414 0.781130 0.850665 0.918743 0.985097 1.049465 1.111592 1.171233 1.228154 1.282128 1.332944 1.380401 1.424311 1.464501 1.500813 1.533103 1.561244 1.585124
1.740594 1.752602 1.759808 1.762183 1.759718 1.752424 1.740328 1.723478 1.701941 1.675802 1.645165 1.610149 1.570893 1.527552 1.480298 1.429316 1.374808 1.316988 1.256086 1.192342 1.126006 1.057341 0.986618 0.914116 0.840121 0.764926 0.688825 0.612122 0.535117 0.458115 0.381419 0.305333 0.230157 0.156187 0.083715 0.013027 -0.055597 -0.121887 -0.185582 -0.246429 -0.304189 -0.358634 -0.409549 -0.456734 -0.500000 -0.539179 -0.574116 -0.604672 -0.630727 -0.652178 -0.668940 -0.680948 -0.688154 -0.690529 -0.688065 -0.680770 -0.668674 -0.651825 -0.630288 -0.604149 -0.573511 -0.538495 -0.499239 -0.455899 -0.408644 -0.357662 -0.303154 -0.245335 -0.184433 -0.120688 -0.054353 0.014312 0.085035 0.157537 0.231532 0.306728 0.382828 0.459532 0.536537 0.613539 0.690234 0.766321 0.841497 0.915467 0.987939 1.058626 1.127251 1.193541 1.257235 1.318083 1.375843 1.430288 1.481203 1.528387 1.571654 1.610833 1.645769 1.676325 1.702380 1.723831
1.875628 1.884759 1.888771 1.887649 1.881397 1.870040 1.853622 1.832208 1.805883 1.774751 1.738935 1.698576 1.653832 1.604882 1.551917 1.495148 1.434797 1.371104 1.304320 1.234707 1.162542 1.088108 1.011700 0.933618 0.854172 0.773675 0.692443 0.610799 0.529064 0.447561 0.366611 0.286534 0.207646 0.130258 0.054676 -0.018802 -0.089887 -0.158296 -0.223762 -0.286024 -0.344839 -0.399972 -0.451207 -0.498342 -0.541190 -0.579583 -0.613369 -0.642414 -0.666604 -0.685844 -0.700058 -0.709188 -0.713201 -0.712079 -0.705826 -0.694469 -0.678051 -0.656638 -0.630313 -0.599181 -0.563365 -0.523005 -0.478262 -0.429311 -0.376347 -0.319577 -0.259227 -0.195534 -0.128749 -0.059137 0.013029 0.087463 0.163871 0.241952 0.321398 0.401896 0.483127 0.564771 0.646506 0.728010 0.808959 0.889036 0.967924 1.045312 1.120894 1.194373 1.265457 1.333867 1.399332 1.461595 1.520409 1.575542 1.626778 1.673913 1.716761 1.755154 1.788939 1.817985 1.842175 1.861415
2.008668 2.015158 2.016210 2.011821 2.002007 1.986809 1.966284 1.940516 1.909605 1.873673 1.832862 1.787333 1.737266 1.682859 1.624325 1.561897 1.495820 1.426356 1.353778 1.278373 1.200439 1.120282 1.038220 0.954576 0.869681 0.783868 0.697478 0.610851 0.524329 0.438253 0.352963 0.268796 0.186083 0.105152 0.026322 -0.050097 -0.123803 -0.194504 -0.261922 -0.325791 -0.385858 -0.441887 -0.493656 -0.540962 -0.583617 -0.621453 -0.654321 -0.682091 -0.704653 -0.721919 -0.733820 -0.740310 -0.741362 -0.736973 -0.727159 -0.711961 -0.691436 -0.665668 -0.634757 -0.598825 -0.558014 -0.512485 -0.462418 -0.408011 -0.349477 -0.287049 -0.220973 -0.151508 -0.078930 -0.003525 0.074409 0.154566 0.236628 0.320272 0.405167 0.490980 0.577370 0.663997 0.750519 0.836595 0.921885 1.006052 1.088765 1.169696 1.248526 1.324945 1.398651 1.469352 1.536770 1.600639 1.660706 1.716735 1.768504 1.815810 1.858465 1.896301 1.929169 1.956939 1.979501 1.996767
2.138614 2.142719 2.141069 2.133670 2.120553 2.101768 2.077391 2.047516 2.012263 1.971769 1.926196 1.875722 1.820547 1.760889 1.696983 1.629081 1.557452 1.482378 1.404155 1.323093 1.239510 1.153737 1.066112 0.976982 0.886697 0.795614 0.704094 0.612496 0.521182 0.430513 0.340847 0.252537 0.165932 0.081374 -0.000804 -0.080277 -0.156731 -0.229865 -0.299391 -0.365034 -0.426534 -0.483649 -0.536154 -0.583842 -0.626523 -0.664031 -0.696216 -0.722952 -0.744133 -0.759676 -0.769520 -0.773624 -0.771974 -0.764576 -0.751459 -0.732674 -0.708297 -0.678422 -0.643168 -0.602675 -0.557101 -0.506628 -0.451453 -0.391795 -0.327889 -0.259987 -0.188358 -0.113284 -0.035061 0.046002 0.129584 0.215357 0.302982 0.392113 0.482397 0.573480 0.665001 0.756598 0.847912 0.938581 1.028247 1.116557 1.203162 1.287720 1.369898 1.449371 1.525825 1.598960 1.668485 1.734128 1.795628 1.852743 1.905248 1.952936 1.995618 2.033125 2.065310 2.092046 2.113228 2.128771
2.264363 2.266355 2.262279 2.252152 2.236014 2.213928 2.185982 2.152285 2.112972 2.068196 2.018135 1.962986 1.902968 1.838316 1.769285 1.696150 1.619197 1.538731 1.455069 1.368541 1.279490 1.188265 1.095229 1.000746 0.905191 0.808941 0.712375 0.615874 0.519820 0.424591 0.330564 0.238109 0.147591 0.059367 -0.026214 -0.108815 -0.188109 -0.263784 -0.335541 -0.403097 -0.466185 -0.524556 -0.577981 -0.626247 -0.669165 -0.706565 -0.738300 -0.764244 -0.784295 -0.798374 -0.806426 -0.808417 -0.804342 -0.794215 -0.778077 -0.755991 -0.728045 -0.694348 -0.655035 -0.610259 -0.560198 -0.505049 -0.445030 -0.380378 -0.311348 -0.238212 -0.161260 -0.080793 0.002868 0.089396 0.178448 0.269672 0.362709 0.457191 0.552746 0.648996 0.745562 0.842063 0.938117 1.033346 1.127373 1.219829 1.310347 1.398570 1.484151 1.566752 1.646046 1.721721 1.793478 1.861034 1.924122 1.982494 2.035918 2.084184 2.127102 2.164503 2.196237 2.222182 2.242233 2.256312
2.384825 2.384985 2.378774 2.366215 2.347359 2.322280 2.291077 2.253873 2.210814 2.162072 2.107837 2.048325 1.983770 1.914427 1.840569 1.762488 1.680492 1.594905 1.506065 1.414321 1.320037 1.223584 1.125343 1.025702 0.925053 0.823795 0.722327 0.621048 0.520360 0.420658 0.322338 0.225786 0.131384 0.039504 -0.049491 -0.135249 -0.217433 -0.295718 -0.369795 -0.439372 -0.504174 -0.563945 -0.618450 -0.667473 -0.710822 -0.748323 -0.779831 -0.805221 -0.824391 -0.837267 -0.843799 -0.843959 -0.837747 -0.825189 -0.806333 -0.781254 -0.750050 -0.712846 -0.669788 -0.621045 -0.566811 -0.507299 -0.442743 -0.373400 -0.299542 -0.221461 -0.139466 -0.053879 0.034962 0.126705 0.220989 0.317442 0.415683 0.515325 0.615973 0.717231 0.818700 0.919978 1.020667 1.120368 1.218689 1.315241 1.409643 1.501523 1.590517 1.676276 1.758460 1.836745 1.910822 1.980399 2.045201 2.104972 2.159477 2.208500 2.251848 2.289350 2.320858 2.346247 2.365418 2.378294
2.498936 2.497549 2.489499 2.474816 2.453560 2.425813 2.391685 2.351312 2.304851 2.252488 2.194427 2.130899 2.062154 1.988464 1.910118 1.827428 1.740718 1.650331 1.556624 1.459966 1.360739 1.259335 1.156154 1.051602 0.946094 0.840044 0.733872 0.627996 0.522835 0.418804 0.316312 0.215765 0.117559 0.022082 -0.070290 -0.159191 -0.244271 -0.325194 -0.401641 -0.473310 -0.539919 -0.601203 -0.656923 -0.706856 -0.750808 -0.788603 -0.820094 -0.845155 -0.863687 -0.875619 -0.880902 -0.879515 -0.871465 -0.856782 -0.835526 -0.807779 -0.773651 -0.733278 -0.686817 -0.634454 -0.576393 -0.512865 -0.444120 -0.370430 -0.292084 -0.209394 -0.122684 -0.032297 0.061410 0.158068 0.257295 0.358699 0.461880 0.566432 0.671940 0.777990 0.884162 0.990038 1.095199 1.199230 1.301722 1.402269 1.500475 1.595952 1.688324 1.777225 1.862305 1.943228 2.019675 2.091344 2.157953 2.219237 2.274957 2.324890 2.368842 2.406637 2.438128 2.463189 2.481721 2.493653
2.605669 2.603019 2.593428 2.576935 2.553603 2.523526 2.486822 2.443635 2.394137 2.338523 2.277011 2.209846 2.137291 2.059633 1.977180 1.890255 1.799203 1.704382 1.606167 1.504946 1.401117 1.295091 1.187285 1.078127 0.968045 0.857476 0.746854 0.636618 0.527201 0.419035 0.312548 0.208160 0.106282 0.007317 -0.088345 -0.180326 -0.268263 -0.351809 -0.430634 -0.504428 -0.572899 -0.635777 -0.692813 -0.743783 -0.788486 -0.826744 -0.858408 -0.883351 -0.901477 -0.912712 -0.917013 -0.914363 -0.904773 -0.888279 -0.864947 -0.834870 -0.798166 -0.754979 -0.705481 -0.649867 -0.588355 -0.521190 -0.448635 -0.370978 -0.288524 -0.201599 -0.110547 -0.015726 0.082489 0.183710 0.287539 0.393565 0.501370 0.610529 0.720610 0.831180 0.941801 1.052038 1.161455 1.269621 1.376108 1.480496 1.582374 1.681339 1.777001 1.868981 1.956918 2.040465 2.119290 2.193084 2.261555 2.324433 2.381469 2.432439 2.477142 2.515400 2.547064 2.572007 2.590133 2.601368
2.704052 2.700414 2.689577 2.671583 2.646505 2.614440 2.575516 2.529886 2.477730 2.419253 2.354688 2.284288 2.208331 2.127117 2.040967 1.950221 1.855236 1.756388 1.654067 1.548676 1.440632 1.330361 1.218297 1.104884 0.990569 0.875803 0.761039 0.646730 0.533327 0.421277 0.311023 0.203000 0.097635 -0.004658 -0.103473 -0.198423 -0.289130 -0.375238 -0.456407 -0.532316 -0.602666 -0.667180 -0.725601 -0.777701 -0.823273 -0.862138 -0.894142 -0.919159 -0.937090 -0.947864 -0.951439 -0.947800 -0.936963 -0.918970 -0.893891 -0.861827 -0.822903 -0.777272 -0.725116 -0.666640 -0.602074 -0.531674 -0.455718 -0.374504 -0.288354 -0.197608 -0.102623 -0.003775 0.098546 0.203937 0.311981 0.422253 0.534316 0.647729 0.762044 0.876810 0.991574 1.105884 1.219287 1.331336 1.441590 1.549613 1.654978 1.757271 1.856087 1.951036 2.041743 2.127852 2.209020 2.284930 2.355280 2.419793 2.478215 2.530315 2.575887 2.614751 2.646755 2.671772 2.689703 2.700477
2.793176 2.788811 2.777012 2.757824 2.731323 2.697614 2.656829 2.609130 2.554705 2.493769 2.426561 2.353349 2.274419 2.190084 2.100677 2.006551 1.908077 1.805643 1.699654 1.590528 1.478696 1.364600 1.248688 1.131420 1.013258 0.894667 0.776117 0.658075 0.541006 0.425373 0.311633 0.200233 0.091614 -0.013795 -0.115579 -0.213336 -0.306680 -0.395243 -0.478675 -0.556647 -0.628851 -0.695002 -0.754840 -0.808128 -0.854655 -0.894239 -0.926722 -0.951977 -0.969905 -0.980433 -0.983521 -0.979157 -0.967358 -0.948170 -0.921669 -0.887960 -0.847175 -0.799476 -0.745051 -0.684114 -0.616907 -0.543694 -0.464765 -0.380430 -0.291023 -0.196897 -0.098422 0.004011 0.110000 0.219126 0.330958 0.445054 0.560966 0.678234 0.796396 0.914987 1.033537 1.151580 1.268648 1.384281 1.498021 1.609421 1.718040 1.823449 1.925233 2.022990 2.116334 2.204897 2.288329 2.366301 2.438505 2.504656 2.564494 2.617782 2.664309 2.703893 2.736376 2.761631 2.779559 2.790087
2.872207 2.867362 2.854869 2.834779 2.807171 2.772153 2.729865 2.680472 2.624170 2.561181 2.491754 2.416163 2.334705 2.247703 2.155499 2.058458 1.956963 1.851413 1.742227 1.629834 1.514679 1.397215 1.277906 1.157223 1.035643 0.913645 0.791710 0.670321 0.549955 0.431089 0.314190 0.199721 0.088133 -0.020133 -0.124650 -0.225007 -0.320805 -0.411668 -0.497238 -0.577175 -0.651165 -0.718916 -0.780160 -0.834656 -0.882189 -0.922570 -0.955641 -0.981271 -0.999360 -1.009834 -1.012655 -1.007809 -0.995316 -0.975226 -0.947618 -0.912600 -0.870312 -0.820919 -0.764617 -0.701628 -0.632201 -0.556610 -0.475152 -0.388150 -0.295946 -0.198905 -0.097410 0.008139 0.117326 0.229719 0.344874 0.462338 0.581647 0.702330 0.823910 0.945908 1.067843 1.189232 1.309598 1.428464 1.545363 1.659832 1.771420 1.879686 1.984203 2.084560 2.180358 2.271221 2.356791 2.436728 2.510718 2.578469 2.639713 2.694209 2.741742 2.782123 2.815194 2.840824 2.858913 2.869387
2.940403 2.935297 2.922360 2.901643 2.873228 2.837227 2.793782 2.743065 2.685276 2.620642 2.549420 2.471889 2.388357 2.299152 2.204626 2.105154 2.001126 1.892955 1.781066 1.665902 1.547916 1.427575 1.305354 1.181734 1.057204 0.932254 0.807379 0.683071 0.559821 0.438115 0.318433 0.201247 0.087021 -0.023795 -0.130764 -0.233463 -0.331488 -0.424451 -0.511986 -0.593746 -0.669410 -0.738679 -0.801279 -0.856963 -0.905513 -0.946735 -0.980467 -1.006576 -1.024960 -1.035545 -1.038290 -1.033184 -1.020247 -0.999530 -0.971115 -0.935114 -0.891669 -0.840952 -0.783163 -0.718529 -0.647307 -0.569776 -0.486244 -0.397039 -0.302513 -0.203041 -0.099013 0.009158 0.121047 0.236211 0.354197 0.474538 0.596759 0.720379 0.844910 0.969859 1.094734 1.219042 1.342292 1.463998 1.583680 1.700866 1.815092 1.925908 2.032877 2.135576 2.233601 2.326564 2.414099 2.495859 2.571523 2.640792 2.703392 2.759077 2.807626 2.848848 2.882580 2.908689 2.927073 2.937658
2.997114 2.991942 2.978785 2.957694 2.928754 2.892077 2.847810 2.796125 2.737229 2.671352 2.598755 2.519725 2.434573 2.343636 2.247272 2.145861 2.039804 1.929520 1.815443 1.698024 1.577726 1.455025 1.330403 1.204354 1.077374 0.949965 0.822629 0.695869 0.570186 0.446074 0.324025 0.204520 0.088030 -0.024985 -0.134078 -0.238820 -0.338797 -0.433614 -0.522897 -0.606295 -0.683477 -0.754138 -0.818002 -0.874814 -0.924351 -0.966418 -1.000848 -1.027506 -1.046286 -1.057114 -1.059948 -1.054776 -1.041619 -1.020528 -0.991587 -0.954911 -0.910643 -0.858959 -0.800062 -0.734186 -0.661589 -0.582559 -0.497407 -0.406469 -0.310105 -0.208695 -0.102638 0.007647 0.121723 0.239142 0.359440 0.482142 0.606763 0.732813 0.859792 0.987202 1.114537 1.241297 1.366981 1.491092 1.613141 1.732646 1.849136 1.962151 2.071245 2.175986 2.275963 2.370780 2.460064 2.543461 2.620643 2.691305 2.755168 2.811980 2.861517 2.903584 2.938014 2.964672 2.983452 2.994280
3.041799 3.036725 3.023543 3.002306 2.973096 2.936029 2.891252 2.838941 2.779303 2.712573 2.639014 2.558917 2.472597 2.380396 2.282677 2.179826 2.072250 1.960371 1.844632 1.725491 1.603416 1.478889 1.352403 1.224456 1.095554 0.966204 0.836918 0.708206 0.580575 0.454530 0.330567 0.209177 0.090838 -0.023984 -0.134834 -0.241275 -0.342887 -0.439269 -0.530042 -0.614845 -0.693346 -0.765234 -0.830225 -0.888062 -0.938519 -0.981395 -1.016521 -1.043758 -1.063000 -1.074170 -1.077224 -1.072151 -1.058969 -1.037731 -1.008521 -0.971455 -0.926678 -0.874367 -0.814729 -0.747998 -0.674439 -0.594342 -0.508023 -0.415822 -0.318103 -0.215252 -0.107675 0.004203 0.119942 0.239084 0.361159 0.485685 0.612171 0.740118 0.869021 0.998370 1.127656 1.256369 1.383999 1.510045 1.634007 1.755398 1.873737 1.988558 2.099408 2.205849 2.307461 2.403844 2.494616 2.579420 2.657920 2.729808 2.794799 2.852637 2.903093 2.945969 2.981095 3.008333 3.027575 3.038745
3.074028 3.069183 3.056140 3.034951 3.005701 2.968503 2.923506 2.870887 2.810852 2.743640 2.669516 2.588772 2.501726 2.408723 2.310128 2.206333 2.097745 1.984794 1.867925 1.747600 1.624293 1.498492 1.370692 1.241398 1.111120 0.980372 0.849671 0.719532 0.590468 0.462990 0.337600 0.214793 0.095054 -0.021145 -0.133345 -0.241103 -0.343995 -0.441613 -0.533573 -0.619512 -0.699091 -0.771995 -0.837937 -0.896657 -0.947922 -0.991531 -1.027312 -1.055123 -1.074854 -1.086428 -1.089799 -1.084953 -1.071911 -1.050722 -1.021471 -0.984274 -0.939277 -0.886657 -0.826623 -0.759411 -0.685287 -0.604542 -0.517497 -0.424493 -0.325899 -0.222103 -0.113516 -0.000565 0.116304 0.236629 0.359936 0.485738 0.613538 0.742832 0.873110 1.003857 1.134559 1.264698 1.393761 1.521239 1.646629 1.769436 1.889175 2.005374 2.117574 2.225333 2.328224 2.425843 2.517803 2.603742 2.683320 2.756225 2.822167 2.880886 2.932152 2.975761 3.011541 3.039352 3.059083 3.070657
3.093491 3.088968 3.076193 3.055217 3.026122 2.989022 2.944065 2.891428 2.831319 2.763975 2.689661 2.608671 2.521324 2.427966 2.328964 2.224710 2.115615 2.002109 1.884640 1.763673 1.639683 1.513162 1.384607 1.254527 1.123434 0.991847 0.860284 0.729264 0.599305 0.470920 0.344615 0.220889 0.100230 -0.016887 -0.129997 -0.238656 -0.342434 -0.440922 -0.533732 -0.620496 -0.700872 -0.774544 -0.841220 -0.900638 -0.952562 -0.996788 -1.033142 -1.061479 -1.081689 -1.093691 -1.097438 -1.092915 -1.080140 -1.059163 -1.030068 -0.992969 -0.948012 -0.895375 -0.835266 -0.767921 -0.693607 -0.612617 -0.525271 -0.431913 -0.332911 -0.228657 -0.119561 -0.006056 0.111413 0.232381 0.356370 0.482892 0.611446 0.741527 0.872619 1.004207 1.135770 1.266789 1.396748 1.525133 1.651438 1.775165 1.895824 2.012940 2.126051 2.234710 2.338488 2.436976 2.529785 2.616549 2.696926 2.770597 2.837274 2.896691 2.948615 2.992842 3.029195 3.057533 3.077743 3.089744
